12 0.8809840425531916 0.5378250591016548 0.18882978723404262 0.38534278959810875
10 0.5013297872340425 0.42966903073286056 0.05186170212765957 0.0839243498817967
4 0.5608377659574468 0.38416075650118203 0.04188829787234043 0.09219858156028367
14 0.6898271276595745 0.31560283687943264 0.043218085106382996 0.061465721040189124
14 0.31150265957446804 0.34988179669030733 0.06449468085106383 0.07565011820330969
14 0.043882978723404256 0.635933806146572 0.08377659574468085 0.1347517730496454
5 0.3959441489361702 0.2529550827423168 0.049867021276595744 0.08983451536643025
10 0.5644946808510638 0.2990543735224586 0.03590425531914894 0.04728132387706854
14 0.4753989361702128 0.27127659574468077 0.025265957446808502 0.03900709219858156
14 0.5325797872340425 0.26063829787234044 0.018617021276595744 0.03427895981087471
10 0.6226728723404256 0.2612293144208039 0.03125 0.0425531914893617
9 0.9059175531914893 0.31205673758865243 0.10837765957446809 0.11583924349881797
