10 0.7673267326732673 0.5740469208211145 0.10396039603960397 0.18914956011730205
10 0.6204620462046204 0.47214076246334313 0.08415841584158416 0.15835777126099707
10 0.14026402640264027 0.7741935483870966 0.13861386138613865 0.2170087976539589
14 0.4022277227722772 0.5227272727272727 0.06023102310231023 0.13636363636363633
14 0.40305280528052806 0.3519061583577712 0.04702970297029703 0.07917888563049853
10 0.55486798679868 0.34237536656891493 0.05033003300330033 0.09530791788856305
10 0.4962871287128713 0.28445747800586507 0.030528052805280533 0.05571847507331377
14 0.4806105610561058 0.24193548387096772 0.040429042904290426 0.06158357771260997
14 0.4113036303630363 0.23900293255131966 0.030528052805280533 0.052785923753665684
1 0.5429042904290429 0.2089442815249267 0.04785478547854786 0.10117302052785923
1 0.6262376237623762 0.3071847507331379 0.08085808580858085 0.13636363636363633
