14 0.05585309869931139 0.4646258503401361 0.05508798775822493 0.07755102040816327
14 0.1916602907421576 0.4312925170068027 0.055853098699311404 0.07074829931972791
14 0.31752104055087993 0.32585034013605446 0.027543993879112466 0.047619047619047616
14 0.34812547819433826 0.3210884353741497 0.03060443764345831 0.04625850340136054
14 0.22838561591430764 0.3081632653061224 0.028309104820198924 0.03945578231292517
13 0.2612853863810253 0.3952380952380953 0.0757459831675593 0.09115646258503401
10 0.04705432287681713 0.5462585034013605 0.08033664881407804 0.10476190476190476
10 0.45218056618209646 0.3244897959183673 0.029074215761285386 0.04217687074829932
10 0.6335118592195869 0.2802721088435374 0.029074215761285386 0.04081632653061225
10 0.3875286916602907 0.28707482993197275 0.03136954858454476 0.04353741496598639
12 0.4426166794185157 0.20612244897959184 0.023718439173680182 0.03945578231292517
