0 0.7111706197398623 0.32653061224489804 0.08798775822494262 0.14421768707482993
4 0.4636572302983934 0.5598639455782313 0.0703902065799541 0.16462585034013602
6 0.840856924254017 0.5925170068027211 0.05967865340474368 0.12108843537414966
10 0.13504208110175975 0.5380952380952381 0.08033664881407804 0.10748299319727891
14 0.06885998469778118 0.42448979591836744 0.05661820964039785 0.06802721088435373
10 0.17023718439173677 0.4353741496598639 0.057383320581484314 0.0653061224489796
10 0.27964804896710016 0.3551020408163265 0.04361132364192808 0.0489795918367347
6 0.376434583014537 0.39115646258503406 0.019892884468247895 0.061224489795918366
10 0.4403213465952563 0.28299319727891153 0.02983932670237184 0.0489795918367347
10 0.33167559296097937 0.31700680272108844 0.02983932670237184 0.04081632653061225
