10 0.8534812547819435 0.701360544217687 0.1063504208110176 0.2054421768707483
10 0.8156082631981637 0.49183673469387756 0.06579954093343535 0.09387755102040819
10 0.8179035960214232 0.40204081632653055 0.05814843152257077 0.08027210884353743
10 0.7214996174445294 0.45374149659863944 0.05508798775822493 0.07755102040816327
10 0.6729150726855394 0.3578231292517007 0.042081101759755164 0.0598639455782313
14 0.49846977811782706 0.40952380952380957 0.03749043611323643 0.07346938775510205
4 0.052027543993879106 0.8666666666666668 0.09793420045906656 0.23673469387755103
4 0.2957153787299158 0.4965986394557824 0.05279265493496557 0.10612244897959182
4 0.35845447589900536 0.5006802721088435 0.057383320581484314 0.10612244897959182
10 0.17406273909716907 0.4530612244897959 0.04973221117061974 0.06802721088435373
10 0.5604437643458301 0.4210884353741497 0.03442999234889059 0.08027210884353743
13 0.5248661055853099 0.3258503401360545 0.032134659525631215 0.07755102040816327
14 0.4567712318286151 0.2551020408163265 0.02448355011476664 0.03401360544217687
14 0.5279265493496559 0.264625850340136 0.021423106350420815 0.03945578231292517
10 0.4035960214231063 0.26870748299319724 0.02218821729150727 0.03945578231292517
9 0.9009181331293037 0.3299319727891157 0.08951798010711552 0.1346938775510204
