9 0.19205298013245034 0.37720588235294117 0.10099337748344371 0.14264705882352943
9 0.9014900662251657 0.3301470588235294 0.11092715231788076 0.14852941176470588
9 0.6680463576158941 0.3294117647058823 0.076158940397351 0.1441176470588235
10 0.5455298013245032 0.5330882352941175 0.0728476821192053 0.14558823529411768
10 0.34561258278145696 0.5213235294117645 0.06043046357615896 0.08970588235294118
10 0.7309602649006622 0.5007352941176471 0.06788079470198675 0.0985294117647059
10 0.857201986754967 0.5352941176470587 0.1084437086092715 0.15
12 0.7499999999999999 0.3044117647058823 0.043046357615894044 0.07941176470588233
12 0.6982615894039735 0.2860294117647058 0.07367549668874172 0.16029411764705884
10 0.0554635761589404 0.47058823529411753 0.061258278145695365 0.08529411764705883
10 0.042632450331125823 0.5816176470588236 0.07698675496688741 0.11617647058823528
