9 0.1729150726855394 0.4061224489795918 0.09793420045906656 0.145578231292517
9 0.9032134659525631 0.3278911564625851 0.08798775822494262 0.1306122448979592
14 0.12815608263198164 0.5435374149659864 0.0757459831675593 0.09115646258503401
10 0.5378729915837797 0.8312925170068027 0.090283091048202 0.2312925170068027
14 0.7785003825554705 0.5925170068027211 0.08339709257842387 0.1346938775510204
10 0.5153022188217292 0.3278911564625851 0.03136954858454476 0.0598639455782313
12 0.3691660290742157 0.2612244897959184 0.04973221117061974 0.08979591836734692
4 0.32517214996174443 0.35238095238095235 0.04284621270084163 0.05714285714285714
10 0.2570772762050497 0.3551020408163265 0.03366488140780413 0.0489795918367347
4 0.6032899770466718 0.2435374149659864 0.028309104820198924 0.04081632653061225
10 0.53672532517215 0.2659863945578232 0.02218821729150727 0.03129251700680273
