14 0.44797245600612096 0.6353741496598639 0.07115531752104055 0.14421768707482993
14 0.5516449885233359 0.5197278911564627 0.05202754399387913 0.11156462585034013
10 0.8201989288446825 0.6537414965986394 0.09181331293037491 0.1727891156462585
10 0.8990053557765875 0.6299319727891156 0.08722264728385616 0.12517006802721092
9 0.9005355776587605 0.3251700680272108 0.10864575363427698 0.13333333333333333
4 0.6583779648048967 0.31292517006802717 0.02983932670237184 0.06258503401360546
4 0.16947207345065035 0.436734693877551 0.04820198928844682 0.09523809523809523
10 0.25745983167559294 0.42108843537414964 0.04973221117061974 0.07210884353741497
10 0.3339709257842387 0.3360544217687075 0.03749043611323643 0.05170068027210883
14 0.4472073450650344 0.2680272108843537 0.02524866105585309 0.03809523809523809
