4 0.5578457446808511 0.43853427895981084 0.0425531914893617 0.09219858156028367
10 0.5628324468085107 0.3504728132387707 0.02992021276595745 0.06264775413711585
5 0.5166223404255319 0.31619385342789597 0.0425531914893617 0.10047281323877069
10 0.4790558510638298 0.5224586288416075 0.06449468085106383 0.09456264775413709
6 0.3048537234042554 0.47458628841607564 0.03523936170212765 0.07446808510638298
10 0.14494680851063835 0.5277777777777778 0.07180851063829788 0.0839243498817967
6 0.1831781914893617 0.4450354609929078 0.02726063829787235 0.0508274231678487
10 0.2779255319148936 0.3617021276595746 0.0398936170212766 0.05200945626477542
10 0.3261303191489361 0.3445626477541372 0.03125 0.03900709219858156
2 0.4155585106382979 0.30496453900709214 0.061170212765957445 0.08983451536643025
9 0.9015957446808512 0.31501182033096925 0.10505319148936171 0.12411347517730496
