2 0.12777352716143842 0.43945578231292515 0.09946442234123948 0.15782312925170067
2 0.6545524100994643 0.25238095238095243 0.03902065799540933 0.07482993197278912
2 0.6105585309869932 0.2149659863945579 0.03519510328997705 0.06258503401360546
5 0.8806426931905126 0.5272108843537413 0.13465952563121653 0.24081632653061225
10 0.7712318286151494 0.5557823129251702 0.03519510328997705 0.11020408163265309
9 0.9055087987758225 0.33197278911564626 0.10941086457536343 0.12517006802721092
5 0.2597551644988524 0.3979591836734695 0.07268553940321347 0.10204081632653061
12 0.3420045906656466 0.2843537414965987 0.05814843152257077 0.11428571428571428
10 0.33817903596021415 0.43537414965986393 0.05967865340474368 0.07619047619047618
10 0.529839326702372 0.27755102040816326 0.026778882938026022 0.0489795918367347
10 0.6411629686304514 0.3 0.026013771996939564 0.05034013605442175
