10 0.21308339709257842 0.689795918367347 0.09410864575363426 0.13877551020408163
10 0.07192042846212701 0.6108843537414965 0.08875286916602908 0.09251700680272108
10 0.10711553175210405 0.5054421768707483 0.0826319816373374 0.09115646258503401
5 0.24674827850038256 0.408843537414966 0.08186687069625095 0.1346938775510204
10 0.13618974751338941 0.40068027210884355 0.05508798775822493 0.061224489795918366
10 0.3263198163733742 0.32244897959183677 0.03749043611323643 0.04625850340136054
6 0.36763580719204286 0.2897959183673469 0.016067329762815608 0.035374149659863956
10 0.7069625095638866 0.37891156462585035 0.053557765876052044 0.07482993197278912
6 0.682096403978577 0.29727891156462577 0.02218821729150727 0.05306122448979591
5 0.7582249426166796 0.3136054421768708 0.06120887528691662 0.12108843537414966
10 0.6193573068094874 0.27687074829931974 0.02524866105585309 0.03129251700680273
