10 0.9058913542463657 0.8217687074829931 0.18362662586074982 0.29931972789115646
10 0.4846977811782709 0.6047619047619047 0.09257842387146137 0.17006802721088435
12 0.3190512624330528 0.38163265306122457 0.10405508798775825 0.18367346938775517
0 0.23833205814843153 0.26326530612244897 0.12777352716143842 0.11836734693877551
10 0.061973986228003056 0.31564625850340144 0.07651109410864575 0.0653061224489796
10 0.5562356541698545 0.398639455782313 0.036725325172149964 0.06258503401360546
4 0.6071155317521041 0.3619047619047619 0.03442999234889059 0.07074829931972791
4 0.4862280030604438 0.34285714285714286 0.03136954858454476 0.05714285714285714
10 0.5642693190512624 0.33537414965986395 0.02524866105585309 0.05034013605442175
5 0.7647283856159143 0.3380952380952381 0.08492731446059679 0.13197278911564625
12 0.6331293037490436 0.24557823129251705 0.026778882938026022 0.05034013605442175
