5 0.25288778877887785 0.4904692082111437 0.16254125412541254 0.35043988269794724
1 0.4645214521452145 0.3409090909090908 0.052805280528052806 0.13636363636363633
1 0.3844884488448844 0.4178885630498534 0.07590759075907591 0.1935483870967742
10 0.4641089108910891 0.48607038123167157 0.07013201320132013 0.09824046920821114
10 0.36179867986798686 0.5718475073313782 0.0750825082508251 0.1348973607038123
14 0.45132013201320137 0.6151026392961877 0.07920792079207921 0.1422287390029326
14 0.32962046204620465 0.717741935483871 0.10808580858085812 0.16862170087976536
10 0.306930693069307 0.8958944281524924 0.1419141914191419 0.17008797653958943
5 0.7132838283828383 0.8372434017595307 0.22194719471947194 0.30791788856304986
4 0.8407590759075907 0.7917888563049853 0.1617161716171617 0.3489736070381232
