10 0.8164893617021276 0.6684397163120568 0.09042553191489365 0.1595744680851064
10 0.8517287234042553 0.5638297872340425 0.09175531914893614 0.14184397163120566
10 0.7047872340425535 0.397163120567376 0.0398936170212766 0.07801418439716312
10 0.24235372340425532 0.7399527186761229 0.12699468085106383 0.17257683215130018
14 0.1728723404255319 0.49881796690307323 0.08244680851063829 0.10638297872340426
10 0.05152925531914894 0.4361702127659575 0.06050531914893617 0.07328605200945627
10 0.328125 0.3516548463356974 0.048537234042553175 0.06501182033096925
2 0.3869680851063829 0.2375886524822695 0.0398936170212766 0.06382978723404255
10 0.6502659574468085 0.3055555555555555 0.03723404255319149 0.06501182033096925
10 0.693816489361702 0.30910165484633567 0.039228723404255324 0.05555555555555555
10 0.6190159574468086 0.26713947990543735 0.0199468085106383 0.0425531914893617
14 0.5644946808510638 0.25 0.02127659574468085 0.02955082742316785
9 0.9022606382978724 0.32269503546099293 0.11037234042553191 0.14420803782505912
