4 0.07115531752104054 0.536734693877551 0.07957153787299158 0.11020408163265309
14 0.2494261667941851 0.42244897959183675 0.04896710022953328 0.06666666666666667
10 0.3117827084927315 0.3619047619047619 0.042081101759755164 0.05442176870748299
10 0.3817903596021423 0.36394557823129253 0.03825554705432287 0.05850340136054422
10 0.48469778117827084 0.47074829931972784 0.05432287681713849 0.11156462585034013
10 0.7566947207345066 0.4564625850340136 0.05814843152257077 0.09115646258503401
6 0.6564651874521806 0.3231292517006803 0.019892884468247895 0.061224489795918366
5 0.7157612853863811 0.3183673469387755 0.057383320581484314 0.10884353741496598
12 0.22149961744452948 0.37823129251700677 0.1078806426931905 0.15238095238095237
9 0.899770466717674 0.32585034013605435 0.11935730680948736 0.16190476190476188
