4 0.7677888293802602 0.5578231292517006 0.07880642693190514 0.15782312925170067
6 0.8205814843152257 0.4108843537414967 0.03289977046671767 0.07074829931972791
10 0.7100229533282325 0.4224489795918369 0.05967865340474368 0.08843537414965986
0 0.7149961744452946 0.3244897959183673 0.08339709257842387 0.11836734693877551
10 0.6637337413925019 0.33605442176870753 0.045141545524101 0.0653061224489796
10 0.5141545524100994 0.35918367346938773 0.04437643458301454 0.05714285714285714
14 0.33167559296097926 0.4482993197278911 0.05891354246365723 0.07210884353741497
4 0.15302218821729152 0.47687074829931975 0.07498087222647286 0.08843537414965986
10 0.162203519510329 0.3585034013605442 0.036725325172149964 0.047619047619047616
4 0.20734506503443 0.30612244897959184 0.0413159908186687 0.0489795918367347
14 0.40780413159908185 0.3231292517006803 0.027543993879112466 0.05034013605442175
13 0.44682478959449107 0.32585034013605446 0.04437643458301454 0.08027210884353743
14 0.46059678653404745 0.23877551020408164 0.03060443764345831 0.055782312925170066
