12 0.2781178270849273 0.36054421768707484 0.09410864575363426 0.16870748299319727
12 0.5749808722264729 0.19183673469387752 0.03136954858454476 0.04625850340136054
13 0.5371078806426932 0.3843537414965986 0.05049732211170618 0.12380952380952381
10 0.17329762815608263 0.6693877551020408 0.10022953328232594 0.16598639455782313
10 0.779265493496557 0.6074829931972789 0.08492731446059679 0.1401360544217687
2 0.7509563886763582 0.36122448979591837 0.08033664881407804 0.17006802721088435
10 0.6794185156847742 0.36802721088435375 0.045906656465187455 0.08027210884353743
9 0.9024483550114765 0.3224489795918368 0.09716908951798012 0.14421768707482993
0 0.6599081866870696 0.2707482993197279 0.046671767406273906 0.08979591836734692
14 0.7016067329762815 0.2789115646258503 0.026013771996939564 0.03809523809523809
