2 0.6628989361702128 0.4137115839243499 0.09308510638297869 0.17494089834515372
10 0.5538563829787234 0.39066193853427905 0.031914893617021274 0.06501182033096925
4 0.29886968085106386 0.6128841607565012 0.11236702127659574 0.17612293144208038
9 0.590093085106383 0.2872340425531915 0.03390957446808511 0.06855791962174942
5 0.5103058510638298 0.2765957446808511 0.02992021276595745 0.05200945626477542
10 0.958776595744681 0.4231678486997636 0.07313829787234043 0.10401891252955084
10 0.8264627659574468 0.36465721040189125 0.05585106382978723 0.04846335697399527
10 0.7549867021276596 0.35756501182033096 0.0511968085106383 0.05555555555555555
10 0.37134308510638303 0.28132387706855794 0.025930851063829786 0.030732860520094562
10 0.555186170212766 0.2736406619385343 0.015957446808510637 0.02955082742316785
