13 0.5072685539403214 0.8571428571428572 0.13618974751338944 0.24217687074829933
10 0.39326702371843913 0.829251700680272 0.09946442234123948 0.20816326530612245
14 0.1250956388676358 0.49795918367346936 0.0757459831675593 0.1006802721088435
10 0.23335883703136953 0.43741496598639457 0.05814843152257077 0.08843537414965986
10 0.13810252486610558 0.3823129251700681 0.057383320581484314 0.05170068027210883
10 0.791124713083397 0.6231292517006803 0.0811017597551645 0.14149659863945582
10 0.563504208110176 0.4122448979591838 0.045141545524101 0.07619047619047618
14 0.6392501912777352 0.2965986394557823 0.03289977046671767 0.05714285714285714
12 0.6457536342769701 0.23061224489795917 0.05202754399387913 0.09931972789115645
13 0.48737566947207334 0.24013605442176872 0.02448355011476664 0.04217687074829932
6 0.3894414690130069 0.28843537414965986 0.01224177505738332 0.04353741496598639
14 0.3622800306044377 0.31768707482993197 0.03442999234889059 0.05034013605442175
9 0.9039785768936496 0.3210884353741497 0.10175975516449885 0.13605442176870747
