13 0.29470198675496684 0.42205882352941176 0.05794701986754966 0.09117647058823529
14 0.21399006622516556 0.425 0.08195364238410596 0.11764705882352938
14 0.43336092715231783 0.35661764705882354 0.03228476821192052 0.03676470588235294
14 0.37748344370860926 0.3632352941176471 0.03642384105960265 0.04117647058823529
10 0.39031456953642374 0.4095588235294118 0.052152317880794705 0.07794117647058824
4 0.49627483443708603 0.5580882352941177 0.057119205298013245 0.13676470588235293
4 0.8812086092715232 0.8536764705882353 0.10678807947019868 0.21029411764705888
5 0.9329470198675497 0.6573529411764706 0.1274834437086093 0.34705882352941175
10 0.7119205298013245 0.4463235294117648 0.054635761589403975 0.08382352941176469
10 0.9130794701986754 0.37794117647058817 0.10430463576158941 0.12058823529411765
