4 0.4498005319148936 0.5963356973995272 0.08045212765957446 0.1643026004728132
12 0.0571808510638298 0.43794326241134757 0.09441489361702131 0.17139479905437352
10 0.2918882978723404 0.3498817966903072 0.03324468085106383 0.0425531914893617
4 0.8264627659574468 0.690307328605201 0.11170212765957446 0.22458628841607567
10 0.5136303191489362 0.3900709219858157 0.04188829787234043 0.06855791962174942
10 0.7367021276595742 0.39243498817966904 0.043882978723404256 0.07092198581560283
2 0.7726063829787235 0.33274231678487 0.08111702127659574 0.1099290780141844
9 0.9052526595744682 0.3291962174940899 0.10438829787234045 0.14066193853427897
10 0.677526595744681 0.30141843971631205 0.034574468085106384 0.044917257683215125
10 0.6313164893617021 0.2884160756501182 0.02726063829787235 0.044917257683215125
