9 0.2230960264900662 0.6029411764705883 0.18625827814569537 0.3029411764705882
9 0.929635761589404 0.34705882352941175 0.10099337748344371 0.1411764705882353
14 0.7760761589403974 0.3933823529411765 0.08195364238410596 0.14264705882352943
4 0.9391556291390729 0.6889705882352942 0.11175496688741722 0.21029411764705888
10 0.15852649006622518 0.8867647058823529 0.13824503311258277 0.16764705882352937
4 0.4813741721854303 0.5301470588235294 0.07036423841059603 0.14852941176470588
14 0.3667218543046358 0.4514705882352943 0.054635761589403975 0.07352941176470588
14 0.5633278145695364 0.3375000000000001 0.04718543046357616 0.060294117647058824
12 0.6647350993377483 0.250735294117647 0.048013245033112585 0.08970588235294118
13 0.6432119205298013 0.28014705882352936 0.034768211920529805 0.0514705882352941
