13 0.4223412394797246 0.8040816326530611 0.1514919663351186 0.33197278911564626
13 0.28844682478959444 0.36734693877551017 0.06120887528691662 0.08435374149659863
14 0.690512624330528 0.38299319727891157 0.04973221117061974 0.07482993197278912
10 0.558530986993114 0.5564625850340136 0.05508798775822493 0.11428571428571428
4 0.7563121652639633 0.5442176870748299 0.07880642693190514 0.14421768707482993
5 0.9001530221882171 0.5863945578231293 0.15531752104055088 0.3074829931972789
4 0.9567712318286149 0.5571428571428572 0.07880642693190514 0.14829931972789115
9 0.9070390206579954 0.326530612244898 0.09563886763580719 0.12789115646258503
4 0.714231063504208 0.28095238095238095 0.04055087987758225 0.06666666666666667
10 0.7551644988523337 0.32585034013605446 0.0413159908186687 0.061224489795918366
10 0.6511094108645754 0.3102040816326531 0.03978576893649579 0.05442176870748299
