12 0.1449885233358837 0.3625850340136054 0.09410864575363426 0.145578231292517
13 0.2563121652639632 0.40068027210884355 0.05967865340474368 0.10204081632653061
10 0.1606732976281561 0.4666666666666666 0.05661820964039785 0.07074829931972791
10 0.2907421576128539 0.34965986394557824 0.03825554705432287 0.05170068027210883
10 0.8634276970160674 0.8387755102040816 0.1323641928079572 0.2108843537414966
10 0.7589900535577659 0.5374149659863945 0.0703902065799541 0.1306122448979592
10 0.7482785003825554 0.39251700680272106 0.04896710022953328 0.06938775510204082
4 0.6511094108645753 0.31020408163265306 0.03366488140780413 0.07074829931972791
6 0.6652639632746749 0.27823129251700673 0.02065799540933435 0.04217687074829932
10 0.5665646518745218 0.31700680272108844 0.02983932670237184 0.04353741496598639
10 0.6078806426931905 0.2537414965986395 0.03442999234889059 0.047619047619047616
10 0.531752104055088 0.2619047619047619 0.027543993879112466 0.036734693877551024
9 0.899387911247131 0.31836734693877555 0.1078806426931905 0.14149659863945582
