13 0.3951798010711554 0.8197278911564625 0.15225707727620505 0.3142857142857143
14 0.12012241775057383 0.5435374149659864 0.07498087222647286 0.09387755102040819
10 0.3454475899005356 0.43741496598639457 0.05432287681713849 0.08843537414965986
4 0.5615914307574599 0.4142857142857143 0.03519510328997705 0.09931972789115645
10 0.8221117061973986 0.6925170068027211 0.10022953328232594 0.17142857142857143
10 0.7429227237949502 0.48775510204081635 0.06273909716908951 0.09931972789115645
10 0.7647283856159145 0.40748299319727904 0.04820198928844682 0.06666666666666667
10 0.7092578423871462 0.3306122448979592 0.03519510328997705 0.05170068027210883
10 0.6667941851568477 0.3326530612244898 0.03442999234889059 0.055782312925170066
10 0.6373374139250191 0.2891156462585034 0.029074215761285386 0.047619047619047616
10 0.6388676358071921 0.2510204081632653 0.029074215761285386 0.03401360544217687
10 0.17329762815608263 0.4326530612244897 0.04973221117061974 0.06802721088435373
10 0.13121652639632747 0.4061224489795919 0.045141545524101 0.04489795918367346
