5 0.8411716171617162 0.6854838709677419 0.16584158415841585 0.37976539589442815
10 0.5437293729372938 0.6546920821114369 0.08085808580858085 0.13049853372434017
10 0.5453795379537955 0.4655425219941348 0.061056105610561066 0.13636363636363633
10 0.8473597359735973 0.4552785923753666 0.06600660066006599 0.08944281524926687
9 0.8960396039603961 0.32991202346041054 0.11056105610561057 0.14662756598240467
14 0.5264026402640264 0.3020527859237536 0.0429042904290429 0.05865102639296188
14 0.40222772277227725 0.3159824046920821 0.03382838283828383 0.05425219941348972
14 0.34694719471947194 0.40982404692082114 0.05363036303630363 0.08651026392961877
10 0.257013201320132 0.4010263929618769 0.06848184818481848 0.10117302052785923
10 0.33993399339933994 0.33284457478005863 0.05115511551155116 0.0469208211143695
