12 0.7524866105585309 0.3496598639455782 0.10175975516449885 0.17959183673469384
14 0.2991583779648048 0.5938775510204082 0.12088752869166029 0.21088435374149664
14 0.3224942616679419 0.45578231292517013 0.05432287681713849 0.06802721088435373
10 0.5570007651109411 0.4836734693877552 0.04284621270084163 0.09387755102040819
10 0.8400918133129306 0.5306122448979592 0.0703902065799541 0.13605442176870747
1 0.8664881407804131 0.2761904761904762 0.05279265493496557 0.07074829931972791
9 0.9020657995409331 0.3285714285714285 0.09640397857689365 0.1292517006802721
10 0.15914307574598316 0.38843537414965984 0.03978576893649579 0.055782312925170066
10 0.3263198163733741 0.32244897959183677 0.028309104820198924 0.04625850340136054
5 0.4292272379495026 0.28299319727891153 0.036725325172149964 0.06802721088435373
0 0.6446059678653404 0.24897959183673465 0.04361132364192808 0.07346938775510205
4 0.6579954093343535 0.33129251700680273 0.03519510328997705 0.07210884353741497
14 0.45409334353481257 0.2605442176870748 0.02218821729150727 0.03129251700680273
