5 0.35107260726072603 0.6187683284457477 0.14108910891089108 0.35777126099706746
6 0.46617161716171623 0.45821114369501464 0.026402640264026403 0.06891495601173019
14 0.48927392739273917 0.2749266862170088 0.039603960396039604 0.057184750733137814
14 0.4905115511551156 0.3379765395894428 0.04702970297029703 0.07184750733137832
10 0.4979372937293729 0.4120234604105572 0.04537953795379538 0.08797653958944282
10 0.48349834983498347 0.5527859237536658 0.06600660066006599 0.12903225806451613
10 0.47648514851485146 0.7052785923753666 0.08663366336633663 0.18475073313782991
14 0.45462046204620465 0.9171554252199414 0.10396039603960397 0.14516129032258063
5 0.4377062706270627 0.27932551319648086 0.051980198019801985 0.12463343108504399
14 0.5948844884488449 0.20234604105571846 0.0297029702970297 0.04398826979472141
5 0.3968646864686469 0.44354838709677424 0.0924092409240924 0.19501466275659823
