5 0.7903596021423107 0.3993197278911565 0.10711553175210409 0.20816326530612245
4 0.550114766641163 0.7462585034013606 0.08722264728385616 0.2653061224489796
10 0.35730680948737564 0.5244897959183673 0.07345065034429993 0.08843537414965986
10 0.16870696250956393 0.5061224489795919 0.07268553940321347 0.0816326530612245
5 0.09563886763580719 0.5115646258503401 0.10099464422341237 0.10612244897959182
10 0.22341239479724564 0.4156462585034014 0.04437643458301454 0.05034013605442175
5 0.32019892884468254 0.34421768707482997 0.03902065799540933 0.07346938775510205
4 0.7662586074980873 0.538095238095238 0.07421576128538639 0.13197278911564625
10 0.6859219586840091 0.3687074829931973 0.046671767406273906 0.0653061224489796
10 0.6637337413925019 0.27891156462585037 0.046671767406273906 0.06258503401360546
9 0.9043611323641926 0.32585034013605446 0.10099464422341237 0.1401360544217687
14 0.5298393267023719 0.22653061224489796 0.017597551644988524 0.03401360544217687
