14 0.25325172149961744 0.5557823129251702 0.06120887528691662 0.06394557823129252
14 0.2850038255547054 0.5782312925170069 0.057383320581484314 0.0816326530612245
14 0.43420045906656457 0.7795918367346938 0.08339709257842387 0.17142857142857143
5 0.09525631216526398 0.8653061224489796 0.18286151491966338 0.2394557823129252
4 0.4154552410099464 0.5537414965986396 0.03978576893649579 0.07619047619047618
4 0.47628156082631984 0.5068027210884353 0.04055087987758225 0.07210884353741497
12 0.739097169089518 0.33673469387755106 0.06885998469778118 0.09931972789115645
4 0.8588370313695486 0.4312925170068029 0.07421576128538639 0.0816326530612245
5 0.9349655700076511 0.6197278911564627 0.11170619739862281 0.21632653061224494
14 0.5918133129303748 0.4217687074829932 0.02524866105585309 0.04353741496598639
14 0.46633511859219595 0.40000000000000013 0.02524866105585309 0.035374149659863956
4 0.49081866870696245 0.42108843537414964 0.023718439173680182 0.047619047619047616
14 0.49426166794185156 0.3836734693877552 0.021423106350420815 0.0326530612244898
5 0.6273909716908952 0.32176870748299324 0.032134659525631215 0.05306122448979591
10 0.6009946442234125 0.3319727891156463 0.016067329762815608 0.02448979591836735
