12 0.8251329787234041 0.44799054373522457 0.1449468085106383 0.2765957446808511
14 0.8091755319148937 0.6182033096926715 0.08377659574468085 0.1607565011820331
10 0.7430186170212768 0.31560283687943264 0.039228723404255324 0.05673758865248227
9 0.9099069148936171 0.32919621749408984 0.10438829787234045 0.12647754137115838
0 0.640625 0.22163120567375885 0.06050531914893617 0.10047281323877069
10 0.06150265957446809 0.6057919621749409 0.08178191489361702 0.10283687943262411
14 0.03789893617021276 0.47458628841607575 0.05585106382978723 0.07210401891252956
10 0.08144946808510635 0.49645390070921985 0.06981382978723402 0.06382978723404255
10 0.2227393617021277 0.4397163120567376 0.05186170212765957 0.06855791962174942
10 0.29055851063829785 0.3800236406619384 0.046542553191489346 0.06973995271867613
10 0.3533909574468085 0.3226950354609929 0.03523936170212765 0.04728132387706854
5 0.31582446808510634 0.29728132387706857 0.04920212765957447 0.0673758865248227
12 0.5748005319148934 0.1979905437352246 0.03257978723404256 0.05555555555555555
10 0.694813829787234 0.2706855791962175 0.026595744680851064 0.04964539007092198
