14 0.07781456953642384 0.6633540372670806 0.15066225165562913 0.2111801242236025
14 0.20571192052980136 0.5031055900621118 0.1597682119205298 0.20372670807453416
14 0.33650662251655633 0.3701863354037267 0.16804635761589404 0.17142857142857143
14 0.44826158940397354 0.25217391304347825 0.15811258278145696 0.17639751552795027
14 0.5786423841059605 0.13664596273291926 0.152317880794702 0.1565217391304348
14 0.13327814569536425 0.11180124223602485 0.1605960264900662 0.16645962732919256
14 0.2744205298013245 0.09875776397515526 0.15811258278145696 0.15527950310559002
14 0.13948675496688742 0.4397515527950311 0.16473509933774835 0.18881987577639753
14 0.26490066225165565 0.30372670807453417 0.16721854304635764 0.17267080745341615
14 0.38658940397350994 0.19254658385093165 0.15397350993377482 0.14906832298136646
14 0.5215231788079469 0.07639751552795032 0.15066225165562913 0.14285714285714288
14 0.7015728476821192 0.06521739130434782 0.14486754966887416 0.12546583850931678
8 0.9097682119205298 0.9043478260869565 0.1605960264900662 0.16397515527950313
8 0.5794701986754967 0.8459627329192548 0.18211920529801323 0.2062111801242236
8 0.7065397350993378 0.7062111801242236 0.17466887417218543 0.2124223602484472
8 0.8220198675496689 0.5559006211180124 0.16721854304635764 0.19751552795031058
8 0.9283940397350993 0.42732919254658386 0.13493377483443708 0.18881987577639753
8 0.22764900662251655 0.8316770186335402 0.18543046357615892 0.2248447204968944
8 0.33774834437086093 0.6739130434782608 0.16721854304635764 0.21490683229813665
8 0.4586092715231789 0.5316770186335404 0.15894039735099338 0.20124223602484478
8 0.5575331125827815 0.40559006211180126 0.16142384105960264 0.20248447204968945
8 0.6817052980132451 0.275776397515528 0.15314569536423842 0.17142857142857143
8 0.7934602649006623 0.16273291925465835 0.15149006622516556 0.14906832298136646
8 0.9027317880794703 0.07329192546583851 0.14983443708609273 0.1391304347826087
