4 0.7895944912012243 0.8469387755102044 0.1423106350420811 0.24081632653061225
12 0.864575363427697 0.38435374149659873 0.1331293037490436 0.1292517006802721
12 0.7027543993879114 0.3170068027210885 0.057383320581484314 0.07074829931972791
6 0.7433052792654935 0.5462585034013606 0.02983932670237184 0.061224489795918366
10 0.7398622800306043 0.4428571428571428 0.03978576893649579 0.06666666666666667
14 0.6044376434583014 0.4442176870748299 0.032134659525631215 0.055782312925170066
10 0.2310635042081102 0.5850340136054422 0.06426931905126243 0.07619047619047618
4 0.3385615914307574 0.4816326530612245 0.04055087987758225 0.07891156462585033
10 0.9200459066564651 0.49115646258503404 0.08492731446059679 0.07074829931972791
10 0.7846212700841622 0.4034013605442177 0.046671767406273906 0.05306122448979591
10 0.6717674062739097 0.38163265306122446 0.026013771996939564 0.03945578231292517
