5 0.0531752104055088 0.41904761904761906 0.09104820198928845 0.13605442176870747
0 0.18018362662586074 0.38163265306122446 0.13083397092578425 0.1782312925170068
10 0.1912777352716144 0.8285714285714286 0.12241775057383324 0.18503401360544217
4 0.7980107115531752 0.6142857142857142 0.0811017597551645 0.18639455782312925
6 0.9376434583014535 0.5435374149659864 0.04055087987758225 0.09931972789115645
5 0.747130833970926 0.3591836734693878 0.08339709257842387 0.14149659863945582
10 0.6832440703902065 0.38163265306122446 0.0413159908186687 0.06666666666666667
10 0.5596786534047437 0.3380952380952381 0.02983932670237184 0.06666666666666667
10 0.6369548584544759 0.30204081632653057 0.03136954858454476 0.04625850340136054
4 0.6143840856924255 0.26326530612244897 0.029074215761285386 0.047619047619047616
14 0.6931905126243305 0.272108843537415 0.027543993879112466 0.04081632653061225
9 0.9005355776587605 0.3326530612244898 0.09946442234123948 0.1510204081632653
