10 0.11303191489361701 0.8433806146572104 0.19547872340425532 0.26122931442080377
11 0.38829787234042556 0.5065011820330968 0.11702127659574468 0.19267139479905437
10 0.6040558510638298 0.5803782505910167 0.0711436170212766 0.12293144208037825
4 0.6173537234042553 0.4332151300236407 0.06050531914893617 0.11229314420803783
4 0.5555186170212766 0.3942080378250591 0.03390957446808511 0.06973995271867613
4 0.5565159574468086 0.3315602836879432 0.03324468085106383 0.0508274231678487
14 0.5089760638297872 0.3049645390070922 0.03125 0.037825059101654845
14 0.3061835106382979 0.283096926713948 0.037898936170212776 0.03427895981087471
14 0.056515957446808526 0.3049645390070922 0.0545212765957447 0.07565011820330969
10 0.6838430851063829 0.32860520094562645 0.025930851063829786 0.04018912529550828
