10 0.4089517980107116 0.8013605442176871 0.06962509563886764 0.14421768707482993
10 0.37911247130833964 0.6027210884353741 0.051262433052792655 0.08979591836734692
14 0.7639632746748279 0.5537414965986395 0.06809487375669472 0.08707482993197278
0 0.8550114766641164 0.3666666666666667 0.1063504208110176 0.11564625850340135
9 0.725707727620505 0.32925170068027215 0.05891354246365723 0.0598639455782313
4 0.7543993879112472 0.37891156462585035 0.03825554705432287 0.04489795918367346
10 0.7061973986228003 0.4605442176870747 0.04896710022953328 0.06394557823129252
5 0.9579188982402449 0.6414965986394559 0.0703902065799541 0.21632653061224494
10 0.29724560061208877 0.5564625850340136 0.04973221117061974 0.07074829931972791
10 0.4720734506503444 0.517687074829932 0.036725325172149964 0.07482993197278912
10 0.45141545524100996 0.4564625850340137 0.03366488140780413 0.047619047619047616
