4 0.5390206579954093 0.5931972789115646 0.055853098699311404 0.14965986394557823
10 0.7421576128538638 0.4945578231292518 0.06579954093343535 0.11564625850340135
10 0.8852333588370314 0.6142857142857143 0.10405508798775825 0.1510204081632653
4 0.25592960979342005 0.5605442176870749 0.0757459831675593 0.12789115646258503
10 0.07918898240244834 0.5891156462585034 0.10175975516449885 0.11700680272108845
10 0.3703136954858454 0.389795918367347 0.04896710022953328 0.06666666666666667
9 0.3534812547819433 0.30476190476190473 0.06273909716908951 0.09251700680272108
14 0.5638867635807192 0.3761904761904762 0.036725325172149964 0.08299319727891157
10 0.5229533282325939 0.3326530612244898 0.03902065799540933 0.055782312925170066
12 0.6736801836266259 0.26054421768707486 0.05891354246365723 0.10204081632653061
10 0.6667941851568477 0.3551020408163265 0.03749043611323643 0.0489795918367347
10 0.6484315225707727 0.3034013605442177 0.035960214231063506 0.04625850340136054
4 0.6208875286916603 0.2680272108843538 0.02983932670237184 0.0489795918367347
9 0.8986228003060447 0.3210884353741497 0.09716908951798012 0.13877551020408163
