12 0.5781250000000001 0.5880614657210402 0.13231382978723405 0.4219858156028369
12 0.6080452127659575 0.326241134751773 0.06050531914893617 0.1252955082742317
12 0.522938829787234 0.21985815602836875 0.016622340425531915 0.035460992907801414
10 0.535571808510638 0.4444444444444443 0.05119680851063858 0.12293144208037794
10 0.5621675531914894 0.324468085106383 0.02726063829787235 0.04846335697399527
4 0.6991356382978724 0.33392434988179664 0.036569148936170214 0.0673758865248227
10 0.7320478723404252 0.3280141843971631 0.03723404255319149 0.06028368794326241
10 0.6735372340425532 0.30141843971631205 0.027925531914893616 0.035460992907801414
10 0.9640957446808512 0.40484633569739964 0.05851063829787234 0.08156028368794327
10 0.058510638297872355 0.317966903073286 0.07180851063829788 0.07565011820330969
