13 0.45240066225165554 0.65 0.10678807947019868 0.24705882352941178
14 0.1920529801324503 0.7257352941176471 0.11754966887417219 0.13676470588235293
14 0.10099337748344371 0.6279411764705881 0.08940397350993377 0.1029411764705882
2 0.5542218543046358 0.7441176470588237 0.13824503311258277 0.45588235294117646
10 0.7934602649006622 0.6316176470588235 0.08857615894039733 0.18382352941176472
10 0.9068708609271526 0.6727941176470589 0.09023178807947022 0.175
14 0.521523178807947 0.425 0.04635761589403973 0.08235294117647057
10 0.4271523178807947 0.4205882352941176 0.039735099337748346 0.07647058823529412
10 0.35637417218543044 0.3830882352941176 0.042218543046357616 0.054411764705882354
9 0.919701986754967 0.37720588235294117 0.1076158940397351 0.14264705882352943
