5 0.17788829380260135 0.38843537414965984 0.0864575363427697 0.11564625850340135
10 0.1820964039785769 0.4931972789115647 0.06732976281560826 0.09659863945578234
4 0.28959449120122416 0.3802721088435374 0.051262433052792655 0.06666666666666667
10 0.4820198928844682 0.5142857142857143 0.05508798775822493 0.08979591836734692
4 0.5149196633511859 0.354421768707483 0.036725325172149964 0.07210884353741497
4 0.6809487375669471 0.33537414965986395 0.036725325172149964 0.06938775510204082
10 0.6434583014537109 0.3040816326530613 0.027543993879112466 0.04217687074829932
10 0.657230298393267 0.2727891156462585 0.032134659525631215 0.055782312925170066
5 0.8833205814843152 0.4775510204081633 0.08798775822494262 0.16870748299319727
9 0.8993879112471309 0.3183673469387755 0.1063504208110176 0.13877551020408163
