2 0.7712318286151492 0.5081632653061224 0.13006885998469778 0.3034013605442177
10 0.8963274674827848 0.6265306122448979 0.09563886763580719 0.16462585034013602
9 0.9032134659525631 0.3319727891156463 0.09716908951798012 0.14149659863945582
10 0.29686304514154555 0.5170068027210883 0.07498087222647286 0.0816326530612245
10 0.12394797245600613 0.5027210884353742 0.07651109410864575 0.09387755102040819
10 0.2700841622035195 0.3639455782312925 0.05202754399387913 0.06394557823129252
10 0.33358837031369554 0.3102040816326531 0.029074215761285386 0.04625850340136054
4 0.4127773527161438 0.3081632653061224 0.02983932670237184 0.07210884353741497
6 0.4387911247130834 0.31224489795918364 0.019127773527161437 0.03945578231292517
10 0.46403978576893634 0.2965986394557823 0.028309104820198924 0.04625850340136054
4 0.5604437643458301 0.308843537414966 0.026778882938026022 0.05714285714285714
4 0.5321346595256312 0.2761904761904762 0.023718439173680182 0.05714285714285714
0 0.620122417750574 0.22448979591836735 0.04055087987758225 0.0653061224489796
6 0.6281560826319815 0.2755102040816326 0.015302218821729155 0.036734693877551024
10 0.6541698546289212 0.31564625850340144 0.04284621270084163 0.0653061224489796
