10 0.06083776595744681 0.5543735224586288 0.08178191489361702 0.09219858156028367
10 0.06150265957446809 0.615839243498818 0.07912234042553191 0.1111111111111111
10 0.18550531914893617 0.4745862884160757 0.07446808510638298 0.11702127659574468
14 0.28191489361702127 0.394208037825059 0.04787234042553193 0.05555555555555555
10 0.277593085106383 0.3368794326241136 0.03125 0.0425531914893617
4 0.3424202127659574 0.32565011820330964 0.0425531914893617 0.06973995271867613
10 0.3105053191489362 0.33451536643026003 0.03590425531914894 0.054373522458628844
4 0.4870345744680851 0.4184397163120568 0.048537234042553175 0.10638297872340426
10 0.5511968085106383 0.45390070921985815 0.06781914893617022 0.11583924349881797
10 0.5279255319148937 0.3037825059101655 0.03590425531914894 0.044917257683215125
4 0.5644946808510639 0.26832151300236406 0.03324468085106383 0.054373522458628844
10 0.7386968085106385 0.5011820330969265 0.07712765957446809 0.11583924349881797
10 0.8460771276595744 0.5466903073286052 0.08976063829787234 0.1453900709219858
5 0.6210106382978724 0.22399527186761228 0.045212765957446825 0.0768321513002364
10 0.7390292553191489 0.3812056737588652 0.052526595744680854 0.0933806146572104
10 0.6642287234042553 0.3356973995271868 0.0398936170212766 0.05673758865248227
10 0.6422872340425532 0.2978723404255319 0.030585106382978722 0.05200945626477542
10 0.6163563829787233 0.26595744680851063 0.025265957446808502 0.03309692671394799
9 0.902593085106383 0.33215130023640654 0.11901595744680851 0.1654846335697399
