14 0.5608263198163734 0.34897959183673466 0.032134659525631215 0.05034013605442175
14 0.5386381025248661 0.31632653061224486 0.032134659525631215 0.047619047619047616
14 0.6457536342769701 0.2639455782312925 0.02448355011476664 0.03809523809523809
10 0.4839326702371844 0.5156462585034014 0.055853098699311404 0.1006802721088435
5 0.11094108645753632 0.4482993197278911 0.09487375669472073 0.1346938775510204
10 0.22762050497322112 0.4027210884353742 0.04361132364192808 0.05442176870748299
10 0.7796480489671002 0.5877551020408164 0.07651109410864575 0.11700680272108845
9 0.9024483550114765 0.3278911564625851 0.09716908951798012 0.1306122448979592
10 0.7302983932670237 0.30680272108843537 0.03902065799540933 0.05306122448979591
10 0.5321346595256311 0.2863945578231293 0.02524866105585309 0.03129251700680273
