5 0.549917491749175 0.7895894428152491 0.13283828382838275 0.388563049853372
10 0.8956270627062706 0.6363636363636364 0.10808580858085812 0.15249266862170088
9 0.9026402640264027 0.3343108504398827 0.10066006600660066 0.1348973607038123
9 0.9401815181518153 0.29178885630498536 0.08993399339933994 0.10557184750733137
2 0.8316831683168318 0.25219941348973607 0.06600660066006599 0.093841642228739
14 0.6815181518151815 0.29765395894428154 0.039603960396039604 0.052785923753665684
10 0.5606435643564357 0.4208211143695014 0.05693069306930695 0.08504398826979472
4 0.20874587458745875 0.46480938416422296 0.07260726072607263 0.08797653958944282
10 0.11839933993399342 0.4208211143695014 0.04537953795379538 0.05865102639296188
14 0.10189768976897691 0.40909090909090906 0.05528052805280528 0.0469208211143695
