6 0.48737566947207334 0.44081632653061226 0.022953328232593728 0.07346938775510205
14 0.5424636572302984 0.6469387755102041 0.06426931905126243 0.15918367346938778
13 0.28041315990818666 0.6054421768707483 0.10482019892884469 0.1959183673469388
10 0.2807957153787299 0.5149659863945578 0.06732976281560826 0.07210884353741497
5 0.22800306044376434 0.408843537414966 0.0811017597551645 0.11020408163265309
14 0.15608263198163735 0.38367346938775504 0.04437643458301454 0.05714285714285714
10 0.30795715378729915 0.34013605442176875 0.04055087987758225 0.04081632653061225
5 0.43075745983167557 0.2782312925170068 0.04437643458301454 0.05850340136054422
13 0.5520275439938791 0.2537414965986395 0.02983932670237184 0.055782312925170066
10 0.6759755164498853 0.3714285714285714 0.046671767406273906 0.06258503401360546
10 0.6449885233358836 0.264625850340136 0.02448355011476664 0.03945578231292517
9 0.9024483550114768 0.3285714285714286 0.10022953328232594 0.12653061224489798
