13 0.45562356541698534 0.5687074829931973 0.08186687069625095 0.21768707482993196
14 0.5099464422341239 0.38639455782312937 0.03902065799540933 0.06802721088435373
14 0.6832440703902064 0.34489795918367344 0.03366488140780413 0.047619047619047616
10 0.8638102524866107 0.5619047619047619 0.08875286916602908 0.13877551020408163
4 0.7134659525631215 0.4197278911564626 0.06350420811017596 0.10748299319727891
10 0.5462892119357307 0.5102040816326531 0.053557765876052044 0.12244897959183673
10 0.35654169854628925 0.40272108843537424 0.04896710022953328 0.05442176870748299
10 0.40359602142310635 0.34285714285714286 0.035960214231063506 0.05170068027210883
0 0.30336648814078043 0.3244897959183673 0.05891354246365723 0.09387755102040819
4 0.022953328232593728 0.4959183673469388 0.04437643458301454 0.07210884353741497
10 0.03710788064269319 0.4517006802721088 0.04820198928844682 0.05714285714285714
5 0.18974751338944146 0.3482993197278912 0.05814843152257077 0.0979591836734694
10 0.3768171384850803 0.30612244897959184 0.03136954858454476 0.04353741496598639
