0 0.045524100994644226 0.49115646258503387 0.09104820198928845 0.17687074829931973
10 0.14001530221882172 0.5238095238095238 0.0826319816373374 0.0979591836734694
10 0.39326702371843913 0.8102040816326529 0.11935730680948736 0.21360544217687075
12 0.5302218821729151 0.7306122448979592 0.16679418515684774 0.5061224489795919
12 0.5650344299923491 0.31224489795918364 0.045141545524101 0.1346938775510204
12 0.7211170619739862 0.30476190476190473 0.08186687069625095 0.163265306122449
6 0.6530221882172915 0.317687074829932 0.02524866105585309 0.06394557823129252
12 0.6514919663351186 0.2129251700680272 0.045141545524101 0.08843537414965986
10 0.8703136954858457 0.4551020408163265 0.07880642693190514 0.09387755102040819
9 0.9055087987758225 0.32244897959183677 0.08339709257842387 0.1197278911564626
10 0.26013771996939555 0.37074829931972786 0.0413159908186687 0.05306122448979591
10 0.31866870696250954 0.35646258503401357 0.046671767406273906 0.0489795918367347
10 0.15723029839326702 0.35918367346938773 0.04820198928844682 0.05442176870748299
