14 0.6905940594059404 0.8870967741935482 0.14521452145214525 0.20527859237536655
14 0.42574257425742573 0.8167155425219942 0.09735973597359736 0.22287390029325507
14 0.4047029702970296 0.5843108504398826 0.08003300330033003 0.13636363636363633
10 0.4463696369636964 0.4325513196480938 0.052805280528052806 0.12023460410557185
4 0.587871287128713 0.4926686217008799 0.06518151815181518 0.17302052785923755
1 0.655940594059406 0.313049853372434 0.06930693069306933 0.13636363636363633
14 0.6105610561056105 0.2558651026392962 0.04125412541254125 0.06891495601173019
4 0.5606435643564357 0.23826979472140764 0.03547854785478548 0.07184750733137832
5 0.38943894389438954 0.29618768328445744 0.05445544554455447 0.14076246334310855
10 0.4492574257425742 0.3035190615835777 0.037128712871287134 0.06744868035190615
6 0.44183168316831695 0.2456011730205278 0.018976897689768978 0.045454545454545456
