12 0.553557765876052 0.5013605442176872 0.07880642693190514 0.31972789115646266
12 0.674062739097169 0.2639455782312925 0.053557765876052044 0.1197278911564626
12 0.6308339709257842 0.20068027210884354 0.042081101759755164 0.07755102040816327
12 0.566947207345065 0.28095238095238095 0.03825554705432287 0.09115646258503401
12 0.5723029839326702 0.18843537414965986 0.021423106350420815 0.04217687074829932
14 0.5520275439938791 0.20952380952380953 0.014537107880642693 0.021768707482993196
6 0.6224177505738332 0.27619047619047626 0.014537107880642693 0.04353741496598639
10 0.7685539403213467 0.34625850340136055 0.051262433052792655 0.06394557823129252
10 0.21996939556235653 0.4530612244897958 0.057383320581484314 0.07074829931972791
10 0.47169089517980106 0.4782312925170069 0.05891354246365723 0.08299319727891157
10 0.16335118592195869 0.45714285714285713 0.06350420811017596 0.06802721088435373
10 0.08071920428462126 0.4156462585034015 0.04361132364192808 0.06666666666666667
4 0.15110941086457536 0.3904761904761904 0.046671767406273906 0.05714285714285714
10 0.1851568477429227 0.33877551020408164 0.03366488140780413 0.0326530612244898
5 0.3485080336648814 0.2789115646258503 0.03902065799540933 0.06802721088435373
9 0.9024483550114768 0.32380952380952377 0.10022953328232594 0.1197278911564626
