10 0.4047029702970296 0.8570381231671554 0.12788778877887785 0.2624633431085044
10 0.5631188118811883 0.3900293255131965 0.04702970297029703 0.07917888563049853
10 0.5317656765676567 0.3027859237536656 0.03547854785478548 0.05425219941348972
4 0.433993399339934 0.2925219941348973 0.0297029702970297 0.04838709677419355
14 0.23019801980198018 0.3863636363636364 0.04950495049504951 0.057184750733137814
10 0.30981848184818483 0.33284457478005863 0.032178217821782186 0.06451612903225806
14 0.3968646864686469 0.2741935483870968 0.03300330033003299 0.035190615835777136
10 0.6493399339933995 0.3189149560117302 0.03465346534653466 0.039589442815249266
4 0.6501650165016502 0.2697947214076246 0.037953795379537955 0.04105571847507331
9 0.9014026402640265 0.32551319648093846 0.09818481848184818 0.14369501466275664
