5 0.9152260638297872 0.3693853427895981 0.12300531914893616 0.1619385342789598
10 0.7692819148936171 0.3605200945626478 0.0545212765957447 0.08274231678486994
10 0.3291223404255319 0.609338061465721 0.07712765957446809 0.12647754137115838
12 0.1858377659574468 0.26241134751773054 0.10438829787234045 0.09456264775413709
12 0.27892287234042556 0.26182033096926716 0.06715425531914893 0.08156028368794327
12 0.34142287234042556 0.3628841607565012 0.09375 0.16312056737588654
4 0.1023936170212766 0.29846335697399523 0.07180851063829788 0.0673758865248227
14 0.4896941489361702 0.35342789598108754 0.024601063829787235 0.054373522458628844
5 0.596409574468085 0.324468085106383 0.030585106382978722 0.10283687943262411
12 0.6406249999999999 0.2553191489361702 0.02859042553191489 0.07328605200945627
