10 0.4628921193573068 0.701360544217687 0.11629686304514154 0.18095238095238095
10 0.6151491966335119 0.39863945578231297 0.04896710022953328 0.08435374149659863
14 0.17023718439173682 0.27823129251700685 0.07880642693190514 0.09659863945578234
4 0.06388676358071921 0.29591836734693877 0.057383320581484314 0.061224489795918366
10 0.04399387911247131 0.32585034013605446 0.08033664881407804 0.06666666666666667
10 0.2169089517980107 0.29931972789115646 0.04361132364192808 0.04353741496598639
12 0.39097169089517986 0.2571428571428572 0.053557765876052044 0.0653061224489796
10 0.7830910482019894 0.36394557823129253 0.057383320581484314 0.08571428571428572
14 0.6801836266258608 0.3020408163265306 0.032134659525631215 0.04081632653061225
10 0.944912012241775 0.4197278911564626 0.08569242540168326 0.12380952380952381
