14 0.4800531914893616 0.642434988179669 0.08909574468085106 0.15484633569739953
11 0.746343085106383 0.3185579196217494 0.061835106382978726 0.06028368794326241
10 0.7649601063829786 0.3634751773049644 0.048537234042553175 0.06028368794326241
10 0.5644946808510639 0.4101654846335696 0.043882978723404256 0.06382978723404255
10 0.6107047872340424 0.3605200945626478 0.04188829787234043 0.05200945626477542
4 0.5625 0.35756501182033085 0.03590425531914894 0.04846335697399527
10 0.5571808510638298 0.31382978723404253 0.02127659574468085 0.031914893617021274
10 0.5847739361702128 0.2848699763593381 0.023271276595744673 0.035460992907801414
10 0.6628989361702128 0.31146572104018916 0.031914893617021274 0.03664302600472814
0 0.634308510638298 0.2529550827423168 0.025265957446808502 0.05673758865248227
