10 0.39594491201224175 0.7897959183673469 0.10022953328232594 0.25170068027210885
14 0.5462892119357308 0.5823129251700679 0.05967865340474368 0.13605442176870747
6 0.7578423871461362 0.507482993197279 0.03136954858454476 0.07891156462585033
10 0.7000765110941087 0.41836734693877553 0.045906656465187455 0.07482993197278912
5 0.7631981637337414 0.30476190476190473 0.06350420811017596 0.12789115646258503
9 0.9009181331293037 0.32925170068027215 0.09869931140015302 0.13605442176870747
11 0.5229533282325936 0.29591836734693877 0.02983932670237184 0.06938775510204082
4 0.5677123182861515 0.28775510204081634 0.02448355011476664 0.05306122448979591
5 0.69548584544759 0.30612244897959184 0.047436878347360364 0.0816326530612245
4 0.3179035960214231 0.3448979591836735 0.03749043611323643 0.06394557823129252
12 0.4567712318286151 0.23333333333333328 0.026013771996939564 0.06394557823129252
12 0.593726090283091 0.2068027210884353 0.029074215761285386 0.05442176870748299
10 0.6423106350420811 0.2537414965986395 0.02218821729150727 0.03945578231292517
