14 0.38370313695485847 0.8965986394557821 0.13542463657230303 0.16870748299319727
14 0.9100994644223412 0.6292517006802721 0.10482019892884469 0.13741496598639455
14 0.7016067329762816 0.40068027210884366 0.047436878347360364 0.07482993197278912
14 0.7207345065034428 0.3523809523809524 0.053557765876052044 0.06802721088435373
14 0.7207345065034432 0.29863945578231293 0.04437643458301454 0.05034013605442175
14 0.5891354246365723 0.23333333333333328 0.021423106350420815 0.04217687074829932
14 0.38867635807192047 0.2673469387755102 0.029074215761285386 0.03129251700680273
4 0.20581484315225712 0.6394557823129251 0.11170619739862281 0.16054421768707486
4 0.034047436878347354 0.49319727891156473 0.04055087987758225 0.10476190476190476
10 0.7574598316755928 0.40408163265306124 0.04896710022953328 0.07074829931972791
10 0.519892884468248 0.33877551020408164 0.03289977046671767 0.06258503401360546
13 0.5313695485845448 0.26598639455782314 0.023718439173680182 0.055782312925170066
5 0.6687069625095639 0.2761904761904762 0.045906656465187455 0.09251700680272108
4 0.6113236419280796 0.2564625850340136 0.021423106350420815 0.04217687074829932
