5 0.703902065799541 0.29591836734693877 0.06273909716908951 0.1129251700680272
5 0.7586074980872227 0.3129251700680272 0.05432287681713849 0.1006802721088435
5 0.34276970160673315 0.272108843537415 0.05661820964039785 0.07619047619047618
9 0.8970925784238715 0.3306122448979592 0.09869931140015302 0.14965986394557823
10 0.5524100994644224 0.5530612244897959 0.05814843152257077 0.1129251700680272
10 0.4839326702371843 0.5006802721088437 0.06197398622800306 0.1197278911564626
6 0.07345065034429993 0.5034013605442177 0.032134659525631215 0.06802721088435373
14 0.14957918898240244 0.37414965986394555 0.035960214231063506 0.05170068027210883
4 0.24521805661820964 0.30136054421768704 0.03442999234889059 0.05850340136054422
10 0.4548584544758989 0.32380952380952377 0.03902065799540933 0.04081632653061225
4 0.4242540168324407 0.29319727891156466 0.02983932670237184 0.05306122448979591
10 0.6522570772762051 0.31564625850340133 0.026778882938026022 0.05170068027210883
14 0.6514919663351185 0.25918367346938775 0.02065799540933435 0.03129251700680273
14 0.5914307574598316 0.2380952380952381 0.019892884468247895 0.03809523809523809
10 0.6289211935730681 0.24421768707482994 0.009181331293037491 0.03129251700680273
10 0.6514919663351186 0.24013605442176875 0.023718439173680182 0.03945578231292517
