4 0.22417750573833203 0.7285714285714286 0.14384085692425402 0.2326530612244898
12 0.26396327467482783 0.41564625850340137 0.12700841622035192 0.22721088435374157
12 0.3446824789594492 0.3571428571428571 0.08951798010711552 0.1564625850340136
5 0.4257842387146136 0.4346938775510204 0.10022953328232594 0.16462585034013602
14 0.6155317521040551 0.5047619047619049 0.057383320581484314 0.11156462585034013
5 0.5520275439938791 0.4027210884353741 0.05891354246365723 0.13877551020408163
10 0.8458301453710788 0.3755102040816326 0.057383320581484314 0.07074829931972791
10 0.8947972456006121 0.38707482993197273 0.07115531752104055 0.08571428571428572
13 0.7214996174445295 0.33197278911564626 0.06426931905126243 0.0816326530612245
12 0.6947207345065034 0.28027210884353737 0.06579954093343535 0.08435374149659863
