0 0.7360367253251723 0.3578231292517007 0.11017597551644986 0.16054421768707489
14 0.8718439173680181 0.4653061224489795 0.07115531752104055 0.10340136054421768
9 0.903213465952563 0.319047619047619 0.10941086457536343 0.1346938775510204
10 0.5091813312930376 0.42108843537414964 0.0466717674062739 0.10204081632653061
10 0.5661820964039785 0.41972789115646264 0.05508798775822494 0.09115646258503401
11 0.07153787299158378 0.5802721088435373 0.10482019892884469 0.16190476190476188
10 0.06541698546289211 0.43809523809523804 0.054322876817138474 0.06258503401360545
5 0.18515684774292274 0.38163265306122446 0.10711553175210409 0.15918367346938775
12 0.3825554705432288 0.2727891156462585 0.06120887528691662 0.10476190476190476
6 0.3041315990818669 0.3142857142857143 0.01300688599846978 0.05442176870748299
10 0.37184391736801836 0.38027210884353735 0.04896710022953329 0.07210884353741497
10 0.8737566947207344 0.8238095238095238 0.11323641928079571 0.20816326530612245
2 0.9372609028309106 0.6625850340136055 0.1132364192807957 0.3591836734693877
10 0.6411629686304514 0.3006802721088435 0.03366488140780413 0.04353741496598639
12 0.6048201989288446 0.21156462585034014 0.03749043611323642 0.07210884353741497
