9 0.8402317880794702 0.6727941176470589 0.22185430463576153 0.413235294117647
12 0.845612582781457 0.44338235294117645 0.18460264900662252 0.29558823529411765
14 0.7408940397350993 0.3198529411764706 0.04470198675496689 0.06911764705882353
6 0.6763245033112583 0.3448529411764706 0.029801324503311258 0.06323529411764706
10 0.6966059602649007 0.4051470588235294 0.05546357615894038 0.07794117647058824
4 0.20364238410596022 0.8191176470588235 0.14900662251655628 0.23235294117647057
10 0.4995860927152318 0.44117647058823534 0.06043046357615896 0.11176470588235297
10 0.32533112582781454 0.4522058823529412 0.07947019867549669 0.10147058823529412
9 0.32533112582781454 0.28602941176470587 0.06456953642384104 0.08088235294117646
10 0.3017384105960265 0.3448529411764706 0.03394039735099338 0.04264705882352941
10 0.45405629139072845 0.30514705882352944 0.027317880794701987 0.04264705882352941
9 0.9027317880794703 0.3264705882352942 0.11175496688741722 0.12941176470588237
