14 0.46480489671002295 0.6387755102040816 0.08339709257842387 0.15918367346938778
4 0.06426931905126242 0.8680272108843538 0.11017597551644986 0.2258503401360544
10 0.20275439938791123 0.43265306122448977 0.06579954093343535 0.07074829931972791
5 0.08186687069625095 0.4326530612244899 0.08569242540168326 0.11700680272108845
10 0.8190512624330529 0.6523809523809523 0.10022953328232594 0.2027210884353741
10 0.6985462892119358 0.40408163265306124 0.0413159908186687 0.07074829931972791
12 0.740627390971691 0.34353741496598644 0.09640397857689365 0.18367346938775517
9 0.9020657995409337 0.3231292517006803 0.10405508798775825 0.1510204081632653
5 0.5623565416985463 0.35102040816326535 0.05661820964039785 0.1306122448979592
12 0.40359602142310635 0.23129251700680276 0.03749043611323643 0.07074829931972791
