5 0.6798537234042553 0.41903073286052006 0.09773936170212766 0.2115839243498818
10 0.2214095744680851 0.7245862884160756 0.1422872340425532 0.22458628841607567
12 0.8008643617021276 0.32210401891252954 0.12034574468085106 0.1359338061465721
4 0.8876329787234044 0.39893617021276595 0.09175531914893614 0.1099290780141844
10 0.5611702127659576 0.34456264775413714 0.034574468085106384 0.046099290780141834
6 0.5847739361702127 0.2919621749408983 0.015292553191489361 0.03309692671394799
5 0.5731382978723405 0.274822695035461 0.03324468085106383 0.0673758865248227
0 0.6313164893617021 0.24586288416075658 0.02726063829787235 0.061465721040189124
14 0.6559175531914893 0.2884160756501182 0.025930851063829786 0.030732860520094562
10 0.508311170212766 0.3073286052009456 0.024601063829787235 0.03309692671394799
5 0.35605053191489366 0.2730496453900709 0.05784574468085107 0.07801418439716312
0 0.4517952127659575 0.2364066193853428 0.023271276595744673 0.044917257683215125
0 0.4760638297872339 0.22872340425531917 0.018617021276595744 0.04137115839243497
