0 0.21210106382978722 0.2647754137115839 0.12234042553191489 0.1016548463356974
0 0.34441489361702127 0.26004728132387706 0.0851063829787234 0.08037825059101655
4 0.3228058510638298 0.6075650118203311 0.1163563829787234 0.1583924349881797
4 0.47207446808510656 0.6891252955082743 0.1023936170212766 0.20567375886524822
10 0.5598404255319149 0.4367612293144208 0.046542553191489346 0.08156028368794327
14 0.4474734042553192 0.44208037825059093 0.045212765957446825 0.07565011820330969
5 0.4946808510638298 0.32860520094562645 0.0625 0.1111111111111111
5 0.7027925531914895 0.3043735224586288 0.05319148936170213 0.0768321513002364
10 0.8517287234042553 0.3776595744680851 0.0625 0.06264775413711585
10 0.10372340425531913 0.30910165484633567 0.06648936170212766 0.06264775413711585
12 0.6193484042553191 0.23404255319148937 0.023271276595744673 0.0425531914893617
