10 0.818069306930693 0.7096774193548387 0.09983498349834984 0.187683284457478
14 0.8985148514851484 0.5857771260997069 0.15181518151815182 0.32991202346041054
10 0.7689768976897688 0.41715542521994137 0.06435643564356437 0.09824046920821114
14 0.6773927392739274 0.3782991202346041 0.0594059405940594 0.07624633431085044
5 0.7083333333333333 0.31671554252199413 0.06848184818481848 0.11436950146627563
4 0.2706270627062707 0.5593841642228738 0.10561056105610561 0.12756598240469208
10 0.1443894389438944 0.5197947214076246 0.08745874587458748 0.10703812316715541
10 0.036716171617161716 0.5784457478005866 0.06518151815181518 0.09530791788856305
10 0.29249174917491755 0.375366568914956 0.05528052805280528 0.06744868035190615
13 0.3915016501650165 0.2771260997067449 0.037128712871287134 0.05865102639296188
12 0.4608085808580858 0.2148093841642229 0.020627062706270623 0.060117302052785926
9 0.898102310231023 0.3269794721407625 0.11303630363036303 0.14076246334310855
