14 0.43151815181518155 0.782258064516129 0.09900990099009901 0.20087976539589436
10 0.867986798679868 0.8189149560117301 0.12211221122112213 0.22434017595307917
4 0.9051155115511554 0.6473607038123167 0.10891089108910894 0.20967741935483872
12 0.7570132013201321 0.3724340175953079 0.11468646864686466 0.23460410557184752
9 0.9018151815181519 0.3379765395894428 0.10066006600660066 0.1598240469208211
14 0.6666666666666665 0.34604105571847504 0.039603960396039604 0.07331378299120234
10 0.5284653465346535 0.3277126099706744 0.04537953795379538 0.06304985337243402
10 0.29042904290429045 0.3739002932551319 0.05445544554455447 0.06158357771260997
10 0.14768976897689767 0.4376832844574779 0.05775577557755774 0.07184750733137832
10 0.6778052805280528 0.3042521994134898 0.040429042904290426 0.045454545454545456
