5 0.18915562913907283 0.40294117647058825 0.07201986754966887 0.12352941176470589
10 0.38741721854304634 0.4 0.05132450331125828 0.08823529411764706
10 0.5906456953642384 0.4294117647058823 0.043874172185430466 0.07647058823529412
10 0.5889900662251656 0.3183823529411765 0.02897350993377483 0.06911764705882353
9 0.47930463576158944 0.24999999999999997 0.0380794701986755 0.061764705882352944
9 0.9250827814569536 0.3073529411764706 0.09685430463576158 0.12941176470588237
12 0.929635761589404 0.5823529411764706 0.11092715231788076 0.3588235294117647
10 0.7330298013245033 0.32205882352941173 0.043874172185430466 0.07058823529411765
10 0.6754966887417219 0.31029411764705883 0.029801324503311258 0.047058823529411764
9 0.6436258278145695 0.2536764705882353 0.03725165562913907 0.06911764705882353
12 0.6713576158940397 0.23088235294117646 0.043046357615894044 0.1
