13 0.4269319051262432 0.3489795918367347 0.05049732211170618 0.09659863945578234
13 0.5585309869931142 0.3210884353741497 0.03366488140780413 0.07074829931972791
13 0.5604437643458301 0.27346938775510204 0.03136954858454476 0.05170068027210883
10 0.5260137719969395 0.3027210884353741 0.026778882938026022 0.047619047619047616
12 0.5860749808722265 0.1959183673469388 0.036725325172149964 0.0598639455782313
9 0.7723794950267788 0.32380952380952377 0.09257842387146137 0.14965986394557823
10 0.7199693955623566 0.4414965986394559 0.06120887528691662 0.11836734693877551
10 0.9422341239479725 0.5578231292517006 0.08798775822494262 0.14421768707482993
9 0.8997704667176741 0.33333333333333337 0.09487375669472073 0.13605442176870747
14 0.07077276205049733 0.6034013605442177 0.08033664881407804 0.09659863945578234
6 0.19357306809487376 0.4816326530612245 0.03060443764345831 0.06802721088435373
14 0.27276205049732216 0.408843537414966 0.046671767406273906 0.055782312925170066
4 0.23603672532517217 0.3918367346938774 0.05279265493496557 0.0653061224489796
10 0.2800306044376435 0.3510204081632653 0.03825554705432287 0.04081632653061225
6 0.33970925784238715 0.3455782312925171 0.019892884468247895 0.05170068027210883
