0 0.8181515957446809 0.4373522458628841 0.15226063829787234 0.2836879432624113
9 0.9082446808510638 0.33392434988179676 0.10106382978723401 0.1193853427895981
0 0.8902925531914893 0.2718676122931442 0.10638297872340426 0.09929078014184396
12 0.6702127659574468 0.2559101654846336 0.05851063829787234 0.10520094562647754
10 0.6732047872340425 0.3699763593380614 0.048537234042553175 0.061465721040189124
4 0.556183510638298 0.3534278959810876 0.0538563829787234 0.07801418439716312
14 0.3773271276595745 0.38416075650118214 0.043218085106382996 0.05200945626477542
10 0.15126329787234044 0.4816784869976359 0.06050531914893617 0.07210401891252956
10 0.1077127659574468 0.3983451536643026 0.061170212765957445 0.08274231678486994
10 0.2260638297872341 0.3699763593380614 0.043882978723404256 0.061465721040189124
10 0.31881648936170215 0.31087470449172583 0.039228723404255324 0.05673758865248227
5 0.4248670212765959 0.2476359338061465 0.03324468085106383 0.04373522458628843
4 0.6120345744680852 0.25 0.020611702127659573 0.0508274231678487
