0 0.1262433052792655 0.43129251700680277 0.162203519510329 0.22040816326530618
10 0.19510328997704665 0.46734693877551026 0.05661820964039785 0.05850340136054422
10 0.2830910482019894 0.39319727891156453 0.04896710022953328 0.06802721088435373
10 0.39671002295332825 0.38639455782312937 0.042081101759755164 0.06802721088435373
6 0.24407039020657997 0.5482993197278913 0.0413159908186687 0.09523809523809523
14 0.7754399387911246 0.6040816326530613 0.08339709257842387 0.1306122448979592
12 0.8951798010711554 0.563265306122449 0.18974751338944146 0.402721088435374
9 0.8997704667176738 0.32789115646258504 0.10099464422341237 0.10884353741496598
10 0.6828615149196634 0.37006802721088433 0.03902065799540933 0.07346938775510205
14 0.6698546289211936 0.28707482993197275 0.035960214231063506 0.05442176870748299
10 0.7180566182096405 0.2931972789115646 0.03749043611323643 0.047619047619047616
5 0.6335118592195867 0.24013605442176866 0.04284621270084163 0.07482993197278912
14 0.5355776587605202 0.2693877551020408 0.021423106350420815 0.0326530612244898
