0 0.9074215761285386 0.48367346938775496 0.17444529456771232 0.24897959183673468
2 0.7387146136189747 0.33945578231292517 0.08186687069625095 0.16190476190476188
14 0.7054322876817138 0.42108843537414975 0.04896710022953328 0.08571428571428572
10 0.8856159143075746 0.634013605442177 0.10328997704667177 0.19319727891156468
9 0.901300688599847 0.3129251700680272 0.10711553175210409 0.12244897959183673
10 0.041698546289211935 0.582312925170068 0.08033664881407804 0.10340136054421765
10 0.03787299158377965 0.4741496598639457 0.0665646518745218 0.07482993197278912
4 0.30795715378729915 0.36394557823129253 0.045141545524101 0.05850340136054422
2 0.34544758990053553 0.26530612244897955 0.04820198928844682 0.07891156462585033
10 0.448355011476664 0.2693877551020409 0.022953328232593728 0.03809523809523809
6 0.6338944146901302 0.2877551020408163 0.016067329762815608 0.047619047619047616
5 0.6882172915072686 0.2442176870748299 0.057383320581484314 0.08299319727891157
10 0.6262433052792656 0.23401360544217692 0.026778882938026022 0.035374149659863956
10 0.5562356541698547 0.2414965986394558 0.019892884468247895 0.036734693877551024
10 0.5849273144605968 0.23401360544217692 0.016067329762815608 0.02448979591836735
