14 0.2995049504950495 0.8980938416422285 0.12376237623762376 0.17155425219941345
14 0.4698844884488449 0.5667155425219942 0.08828382838283827 0.15102639296187684
14 0.3948019801980198 0.44868035190615835 0.07178217821782179 0.12316715542521994
14 0.4682343234323432 0.31744868035190615 0.04537953795379538 0.08651026392961877
14 0.3589108910891089 0.28885630498533726 0.05115511551155116 0.08797653958944282
14 0.6567656765676568 0.313049853372434 0.0594059405940594 0.09530791788856305
4 0.8254950495049505 0.568181818181818 0.12788778877887785 0.22140762463343108
10 0.5552805280528054 0.30791788856304986 0.04125412541254125 0.08211143695014662
10 0.36881188118811875 0.5733137829912023 0.08085808580858085 0.13782991202346037
10 0.40800330033003296 0.33137829912023464 0.04867986798679868 0.07331378299120234
1 0.4207920792079208 0.22947214076246333 0.03300330033003299 0.08064516129032258
1 0.4504950495049505 0.1752199413489736 0.037953795379537955 0.07478005865102638
10 0.4575082508250825 0.23313782991202345 0.030528052805280533 0.04985337243401759
10 0.551980198019802 0.2404692082111437 0.03630363036303631 0.052785923753665684
10 0.6006600660066008 0.23313782991202345 0.039603960396039604 0.06158357771260997
