5 0.2370345744680851 0.6394799054373523 0.2586436170212766 0.408983451536643
10 0.5252659574468085 0.5821513002364066 0.0851063829787234 0.1359338061465721
5 0.8690159574468084 0.6861702127659575 0.24867021276595744 0.5851063829787234
10 0.4657579787234043 0.3871158392434988 0.047207446808510654 0.07210401891252956
6 0.5970744680851064 0.33569739952718686 0.013297872340425532 0.037825059101654845
5 0.5917553191489363 0.2984633569739953 0.03324468085106383 0.06973995271867613
0 0.6535904255319148 0.2724586288416075 0.043882978723404256 0.0933806146572104
14 0.7253989361702128 0.32919621749408984 0.03324468085106383 0.05319148936170213
10 0.7539893617021276 0.33924349881796695 0.034574468085106384 0.0591016548463357
10 0.7938829787234043 0.37056737588652483 0.0545212765957447 0.07210401891252956
