14 0.44801980198019803 0.5131964809384163 0.06435643564356437 0.12609970674486803
14 0.3853135313531354 0.4083577712609971 0.0462046204620462 0.09530791788856305
14 0.7062706270627064 0.4017595307917889 0.07260726072607263 0.10557184750733137
1 0.8287953795379538 0.5843108504398827 0.16584158415841585 0.312316715542522
4 0.6196369636963697 0.3086510263929619 0.05775577557755774 0.09824046920821114
14 0.3948019801980198 0.9054252199413488 0.10478547854785479 0.16862170087976536
5 0.3993399339933994 0.24340175953079182 0.0429042904290429 0.11730205278592376
10 0.44265676567656764 0.2404692082111437 0.03382838283828383 0.05571847507331377
1 0.49009900990099015 0.14516129032258063 0.03630363036303631 0.05571847507331377
1 0.5462046204620463 0.18108504398826977 0.04125412541254125 0.06891495601173019
