14 0.48737566947207356 0.4993197278911565 0.047436878347360364 0.08435374149659863
14 0.7008416220351951 0.40408163265306124 0.04284621270084163 0.07619047619047618
6 0.5210405508798776 0.34217687074829933 0.022953328232593728 0.04217687074829932
10 0.5248661055853098 0.3857142857142857 0.04896710022953328 0.06394557823129252
10 0.06503442999234889 0.6 0.08875286916602908 0.1197278911564626
10 0.7490436113236418 0.5027210884353742 0.06579954093343535 0.10748299319727891
10 0.8573068094873757 0.7632653061224491 0.12012241775057383 0.24217687074829933
10 0.7689364957918897 0.40408163265306124 0.053557765876052044 0.07619047619047618
10 0.6388676358071921 0.2945578231292517 0.03519510328997705 0.05034013605442175
10 0.10826319816373374 0.41496598639455795 0.05891354246365723 0.0653061224489796
14 0.2058148431522571 0.3380952380952381 0.0413159908186687 0.03945578231292517
