10 0.6103723404255319 0.5295508274231678 0.0545212765957447 0.1300236406619385
10 0.6117021276595744 0.35992907801418444 0.031914893617021274 0.07446808510638298
10 0.7716090425531915 0.34515366430260047 0.04188829787234043 0.06382978723404255
5 0.08144946808510639 0.2760047281323877 0.1256648936170213 0.10520094562647754
10 0.048537234042553196 0.3144208037825059 0.0797872340425532 0.07092198581560283
10 0.2081117021276596 0.29609929078014185 0.02925531914893617 0.0508274231678487
10 0.2506648936170214 0.2895981087470449 0.030585106382978722 0.03309692671394799
4 0.2978723404255319 0.2884160756501182 0.03856382978723404 0.05200945626477542
14 0.6303191489361702 0.28664302600472813 0.0199468085106383 0.031914893617021274
0 0.6868351063829787 0.2565011820330969 0.03723404255319149 0.06619385342789598
