14 0.526778882938026 0.872108843537415 0.11247130833970923 0.22040816326530618
10 0.4613618974751339 0.5979591836734693 0.0703902065799541 0.1564625850340136
10 0.8018362662586074 0.645578231292517 0.09793420045906656 0.1727891156462585
12 0.7754399387911248 0.36462585034013606 0.11400153022188217 0.20408163265306123
10 0.7360367253251723 0.4666666666666666 0.05508798775822493 0.09523809523809523
4 0.6763580719204285 0.36394557823129253 0.03519510328997705 0.07482993197278912
10 0.6725325172149961 0.28367346938775506 0.032134659525631215 0.047619047619047616
10 0.6358071920428462 0.29931972789115646 0.029074215761285386 0.0489795918367347
4 0.6166794185156848 0.26870748299319736 0.029074215761285386 0.036734693877551024
10 0.18515684774292274 0.48435374149659866 0.06120887528691662 0.09251700680272108
4 0.391354246365723 0.35102040816326535 0.04361132364192808 0.0598639455782313
10 0.3255547054322878 0.34285714285714286 0.03749043611323643 0.05714285714285714
10 0.4296097934200458 0.2931972789115646 0.02983932670237184 0.03945578231292517
9 0.4200459066564653 0.25170068027210885 0.03519510328997705 0.07619047619047618
9 0.9009181331293037 0.3299319727891157 0.09563886763580719 0.12653061224489798
