4 0.16908951798010713 0.8585034013605443 0.14690130068859986 0.25034013605442185
13 0.18515684774292268 0.472108843537415 0.09334353481254781 0.13605442176870747
13 0.5072685539403213 0.3673469387755102 0.05049732211170618 0.10884353741496598
10 0.5581484315225708 0.43673469387755115 0.04973221117061974 0.09251700680272108
10 0.9250191277735271 0.6904761904761905 0.10099464422341237 0.17551020408163265
10 0.931140015302219 0.5374149659863946 0.0826319816373374 0.1197278911564626
10 0.8355011476664118 0.40408163265306124 0.06120887528691662 0.07619047619047618
10 0.6396327467482784 0.2863945578231293 0.045906656465187455 0.047619047619047616
10 0.42616679418515685 0.3061224489795918 0.03366488140780413 0.05442176870748299
10 0.2815608263198164 0.40204081632653055 0.05049732211170618 0.04217687074829932
10 0.2612853863810253 0.354421768707483 0.04055087987758225 0.047619047619047616
