4 0.44912012241775057 0.8510204081632654 0.1315990818668707 0.2598639455782313
5 0.5153022188217292 0.3721088435374149 0.046671767406273906 0.12653061224489798
10 0.5290742157612855 0.29591836734693877 0.023718439173680182 0.03945578231292517
12 0.5646518745218057 0.24897959183673465 0.036725325172149964 0.09251700680272108
6 0.6595256312165264 0.2789115646258503 0.016832440703902066 0.04081632653061225
4 0.7027543993879113 0.3258503401360545 0.04361132364192808 0.07755102040816327
9 0.906273909716909 0.33197278911564626 0.10022953328232594 0.12789115646258503
10 0.6250956388676358 0.22108843537414966 0.026013771996939564 0.03401360544217687
6 0.210788064269319 0.38639455782312915 0.017597551644988524 0.05442176870748299
10 0.3305279265493496 0.34897959183673466 0.03825554705432287 0.05034013605442175
14 0.4479724560061208 0.27006802721088435 0.02218821729150727 0.03401360544217687
