2 0.09408244680851065 0.44030732860520083 0.1256648936170213 0.1903073286052009
10 0.21043882978723405 0.46926713947990545 0.061835106382978726 0.06382978723404255
14 0.33976063829787234 0.5520094562647755 0.0797872340425532 0.1016548463356974
10 0.5654920212765958 0.37115839243498827 0.04454787234042553 0.09219858156028367
11 0.38962765957446804 0.276595744680851 0.02925531914893617 0.0591016548463357
5 0.3553856382978723 0.2565011820330969 0.04055851063829787 0.08274231678486994
10 0.8680186170212765 0.8439716312056738 0.12433510638297872 0.21749408983451538
10 0.8134973404255319 0.47990543735224583 0.06449468085106383 0.1252955082742317
10 0.6602393617021276 0.3286052009456265 0.03723404255319149 0.054373522458628844
12 0.6615691489361701 0.24940898345153667 0.0545212765957447 0.09692671394799054
9 0.901595744680851 0.32328605200945626 0.09973404255319149 0.13356973995271867
