     0/199      2.8G   0.04334    0.1035   0.01983    0.1667       225       640         0         0         0         0         0         0         0
     1/199     7.74G   0.04002     0.102   0.01724    0.1593       224       640         0         0         0         0         0         0         0
     2/199     7.74G   0.03955   0.09934   0.01633    0.1552       264       640         0         0         0         0         0         0         0
     3/199     7.74G   0.03947   0.09841   0.01515     0.153       301       640    0.5116    0.9797    0.9353    0.6637   0.02183   0.08081  0.002269
     4/199     7.82G   0.03912   0.09561    0.0153      0.15       272       640    0.5167    0.9821    0.9359    0.6586   0.02212   0.08211  0.002443
     5/199     7.02G   0.03923     0.099   0.01434    0.1526       228       640    0.5033    0.9851    0.9272    0.6601   0.02196    0.0825   0.00248
     6/199      7.7G   0.03841    0.0947    0.0141    0.1472       217       640    0.5561    0.9786    0.9333    0.6764    0.0209   0.07804  0.002246
     7/199      7.7G   0.03905    0.0949   0.01411    0.1481       257       640    0.5447    0.9772    0.9295    0.6668   0.02164   0.07845  0.002293
     8/199      7.7G   0.03891   0.09373   0.01323    0.1459       196       640    0.5358    0.9857    0.9354    0.6617   0.02124   0.08009  0.002177
     9/199      7.7G   0.03943   0.09542   0.01309    0.1479       214       640    0.5314    0.9852    0.9355    0.6553   0.02243   0.08115  0.002326
    10/199      7.7G   0.03953   0.09332   0.01269    0.1455       190       640    0.5362    0.9886    0.9358     0.667   0.02156   0.07978  0.002271
    11/199      7.7G   0.03865    0.0938   0.01291    0.1454       248       640    0.5183    0.9842    0.9197    0.6356   0.02301   0.08155  0.002506
    12/199      7.7G   0.03938   0.09483   0.01298    0.1472       253       640     0.506    0.9901    0.9235    0.6534   0.02204   0.08445  0.002473
    13/199      7.7G   0.03758   0.09541   0.01258    0.1456       241       640    0.5558    0.9856    0.9276      0.66   0.02158   0.07879   0.00246
    14/199      7.7G   0.04055   0.09568   0.01285    0.1491       202       640    0.5407    0.9926    0.9389    0.6612    0.0219   0.08081  0.002573
    15/199      7.7G   0.03749   0.09417   0.01252    0.1442       284       640    0.5134     0.991    0.9319    0.6551    0.0218   0.08396  0.002768
    16/199      7.7G   0.03928   0.09559   0.01233    0.1472       223       640     0.529    0.9834    0.9345    0.6389   0.02504   0.08363  0.002717
    17/199      7.7G    0.0392   0.09546   0.01217    0.1468       243       640    0.5535    0.9873    0.9402    0.6709   0.02112   0.08106  0.002595
    18/199      7.7G   0.03882    0.0949   0.01251    0.1462       235       640    0.5186    0.9845    0.9285     0.645   0.02248   0.08204  0.002683
    19/199      7.7G   0.03897   0.09591   0.01234    0.1472       255       640    0.5148    0.9844    0.9246     0.627   0.02417   0.08241  0.002741
    20/199      7.7G   0.03941   0.09715   0.01207    0.1486       247       640     0.514    0.9828    0.9281    0.6465   0.02195   0.08239  0.002701
    21/199      7.7G    0.0399   0.09624   0.01221    0.1484       229       640    0.5522    0.9695    0.9181    0.6447   0.02229   0.08093   0.00291
    22/199      7.7G   0.03951   0.09766   0.01215    0.1493       248       640    0.4885    0.9823    0.9131    0.6312   0.02348   0.08638   0.00313
    23/199      7.7G   0.03938   0.09558   0.01201     0.147       228       640    0.5242    0.9678    0.9275    0.6247   0.02389   0.08169  0.003426
    24/199      7.7G   0.03904   0.09664   0.01198    0.1477       264       640    0.5264    0.9779    0.9293     0.631   0.02415   0.08481  0.003133
    25/199      7.7G   0.03903   0.09519   0.01225    0.1465       309       640    0.5109    0.9842    0.9337    0.6345   0.02382   0.08653  0.002629
    26/199      7.7G   0.03874    0.0967   0.01215    0.1476       252       640    0.4844    0.9796    0.9002    0.6156   0.02422   0.08725  0.003818
    27/199      7.7G   0.03844   0.09381   0.01164    0.1439       214       640    0.5211    0.9424    0.9071    0.6129   0.02433   0.08492  0.003149
    28/199      7.7G   0.03856   0.09721   0.01195    0.1477       208       640    0.5229    0.9836    0.9262    0.6283    0.0233   0.08495  0.003023
    29/199      7.7G   0.03859   0.09601   0.01199    0.1466       228       640     0.518    0.9837    0.9203    0.6099   0.02464   0.08611    0.0034
    30/199      7.7G   0.03899   0.09578    0.0121    0.1469       221       640    0.4675    0.9488    0.8773    0.5844   0.02523   0.08723  0.003789
    31/199      7.7G   0.03919   0.09864   0.01203    0.1499       233       640    0.5659    0.9669    0.9103     0.612   0.02457   0.08499  0.003831
    32/199      7.7G   0.03804    0.0965   0.01207    0.1466       217       640    0.5061    0.9651     0.899    0.5954   0.02522   0.09061  0.004727
    33/199      7.7G   0.03899   0.09829   0.01142    0.1487       240       640    0.4889    0.9824    0.9148    0.6154   0.02451   0.09147   0.00382
    34/199      7.7G   0.03945   0.09656   0.01197     0.148       248       640    0.4829    0.9696    0.9204    0.6012   0.02495   0.08892  0.003899
    35/199      7.7G   0.03964    0.0975    0.0123    0.1494       264       640    0.5092    0.9868    0.9236    0.6146   0.02395   0.08527  0.003322
    36/199      7.7G   0.03837   0.09968   0.01173    0.1498       240       640    0.4961     0.977    0.9191    0.6119   0.02401   0.08776  0.003464
    37/199      7.7G   0.03945   0.09866   0.01175    0.1499       288       640    0.5095    0.9815    0.9115    0.6041   0.02442   0.08744  0.003572
    38/199      7.7G   0.03898    0.0988   0.01181    0.1496       215       640    0.5436    0.9563    0.8947    0.5765   0.02683   0.08747  0.004705
    39/199      7.7G   0.03952   0.09845   0.01226    0.1502       251       640    0.5267    0.9823    0.9065    0.5966   0.02485   0.08859  0.003903
    40/199      7.7G   0.03902   0.09804   0.01197     0.149       317       640    0.4174    0.9635    0.8664    0.5613   0.02513   0.09523  0.005503
    41/199      7.7G   0.03895   0.09903   0.01204      0.15       237       640    0.5436    0.9538    0.9002     0.607   0.02437   0.08543   0.00403
    42/199      7.7G   0.03868   0.09922   0.01211      0.15       225       640    0.5174    0.9727    0.9136    0.5792   0.02588   0.08897  0.004466
    43/199      7.7G   0.03932   0.09724   0.01261    0.1492       270       640    0.4835    0.9676    0.9001    0.5835   0.02535   0.09247  0.004336
    44/199      7.7G   0.03843    0.1018   0.01212    0.1524       236       640    0.4694    0.9296    0.8523    0.5556   0.02549   0.09294  0.005561
    45/199      7.7G   0.03835    0.1001     0.012    0.1504       248       640    0.5165    0.9437    0.8747    0.5649   0.02558    0.0898   0.00524
    46/199      7.7G   0.03763   0.09869   0.01247    0.1488       232       640    0.4683    0.9372    0.8812     0.551   0.02646   0.09261  0.004936
    47/199      7.7G   0.03895    0.0997   0.01248    0.1511       226       640    0.4251    0.9362    0.8787    0.5444   0.02844   0.09979  0.005364
    48/199      7.7G   0.03947   0.09957   0.01228    0.1513       252       640    0.5378    0.9491    0.8903    0.5772    0.0257   0.09139  0.004889
    49/199      7.7G   0.03894     0.104   0.01224    0.1552       265       640    0.4924    0.9637    0.8909    0.5481   0.02777   0.09343  0.004531
    50/199      7.7G    0.0383    0.1015   0.01292    0.1528       215       640    0.4376    0.9398    0.8743      0.56    0.0259    0.1016  0.005237
    51/199      7.7G   0.03884    0.1022   0.01226    0.1533       226       640    0.4699    0.9418    0.8445    0.5145   0.02741   0.09777  0.006789
    52/199      7.7G   0.03848    0.1026    0.0122    0.1533       249       640    0.3874    0.9253    0.8446    0.5086   0.03082    0.1027  0.005814
    53/199      7.7G   0.03813    0.1017    0.0122     0.152       232       640    0.5277    0.9522     0.893    0.5706   0.02582   0.09068  0.004524
    54/199      7.7G   0.03934    0.1008   0.01287     0.153       260       640    0.4927    0.9441    0.8689    0.5485   0.02619   0.09352  0.005433
    55/199      7.7G   0.03783   0.09956   0.01233    0.1497       253       640    0.4962    0.9535    0.8817    0.5592   0.02607   0.09302  0.005506
    56/199      7.7G   0.03809   0.09956   0.01201    0.1497       232       640    0.4986    0.9329    0.8907    0.5733   0.02566     0.092  0.004921
    57/199      7.7G   0.03771   0.09975   0.01192    0.1494       252       640    0.3755    0.9456    0.8435    0.5351    0.0276    0.1071  0.005445
    58/199      7.7G   0.03809   0.09781   0.01208     0.148       280       640    0.4679    0.9593    0.8779    0.5614    0.0265   0.09966  0.005119
    59/199      7.7G   0.03779   0.09778   0.01208    0.1476       228       640    0.5037    0.9581    0.8709    0.5553    0.0255   0.09318  0.005544
    60/199      7.7G   0.03769   0.09518   0.01187    0.1447       271       640    0.5602    0.9308    0.8865    0.5718   0.02562   0.08833  0.005052
    61/199      7.7G   0.03733   0.09948   0.01192    0.1487       281       640    0.5254    0.8997    0.8744    0.5629   0.02504   0.09109  0.004681
    62/199      7.7G   0.03775   0.09955   0.01131    0.1486       261       640    0.4806    0.9739    0.8949    0.5767   0.02609   0.09514  0.004422
    63/199      7.7G    0.0377   0.09977   0.01155     0.149       243       640    0.4766    0.9663    0.9072    0.5792   0.02557   0.09514  0.004295
    64/199      7.7G   0.03811   0.09944   0.01205    0.1496       215       640    0.4531    0.9675    0.8727    0.5626   0.02596   0.09767  0.004995
    65/199      7.7G   0.03705   0.09934   0.01165     0.148       259       640    0.4988    0.9571    0.8871    0.5781   0.02528    0.0925  0.004486
    66/199      7.7G   0.03699   0.09739   0.01141    0.1458       301       640    0.5723    0.9333    0.9003    0.5746   0.02591   0.08998  0.004376
    67/199      7.7G   0.03724   0.09868   0.01106     0.147       274       640    0.5132    0.9537    0.8995    0.5833   0.02551   0.09072  0.003988
    68/199      7.7G   0.03612   0.09957   0.01118    0.1469       215       640    0.5002    0.9642     0.894    0.5809   0.02482    0.0912  0.004246
    69/199      7.7G   0.03673   0.09958   0.01114    0.1475       221       640     0.477    0.9668    0.8973    0.5758   0.02567   0.09043  0.004114
    70/199      7.7G   0.03616    0.0975   0.01094    0.1446       236       640    0.4837    0.9275    0.8361    0.5159   0.02854   0.09596   0.00626
    71/199      7.7G   0.03633    0.0976   0.01098    0.1449       269       640    0.5101    0.9456    0.8814    0.5665   0.02561   0.08989  0.004122
    72/199      7.7G   0.03672    0.1002   0.01113    0.1481       223       640    0.5043    0.9236    0.8865    0.5781    0.0254    0.0895  0.004018
    73/199      7.7G   0.03633   0.09636   0.01097    0.1437       249       640    0.4769    0.9727    0.8928    0.5849   0.02555   0.09171  0.003714
    74/199      7.7G   0.03608   0.09636   0.01078    0.1432       251       640    0.5106    0.9538    0.8796    0.5812   0.02521    0.0901  0.004191
    75/199      7.7G   0.03612   0.09582   0.01061    0.1425       288       640    0.5251    0.9678    0.9039    0.5876   0.02516   0.08706  0.003456
    76/199      7.7G   0.03595   0.09685   0.01097    0.1438       227       640    0.4898    0.9583     0.892    0.5789   0.02531   0.09092  0.004049
    77/199      7.7G   0.03635   0.09933   0.01072    0.1464       267       640    0.5112    0.9698    0.8981    0.5935   0.02487   0.08891  0.003681
    78/199      7.7G   0.03647   0.09629   0.01054    0.1433       304       640    0.4882    0.9784    0.9033    0.5961   0.02481   0.09162  0.003655
    79/199      7.7G    0.0364   0.09659   0.01034    0.1433       232       640    0.5663    0.9566    0.9125    0.5927   0.02497   0.08512  0.003616
    80/199      7.7G   0.03571   0.09743   0.01023    0.1434       208       640    0.5293    0.9522    0.8942     0.566   0.02602   0.08868  0.003508
    81/199      7.7G   0.03517   0.09746   0.01016    0.1428       301       640    0.5084    0.9803    0.9095    0.5926   0.02509    0.0912  0.003535
    82/199      7.7G    0.0361   0.09651   0.01013    0.1427       285       640    0.5344     0.976    0.9243    0.6181   0.02346   0.08724  0.003652
    83/199      7.7G   0.03543   0.09487   0.01013    0.1404       258       640    0.4997    0.9684    0.9081    0.6095   0.02448   0.08977  0.003714
    84/199      7.7G   0.03594   0.09434   0.01053    0.1408       239       640    0.5586    0.9657    0.9121    0.6083   0.02355   0.08572  0.003545
    85/199      7.7G   0.03517   0.09503   0.01028    0.1405       259       640    0.5183    0.9769    0.9021    0.5993   0.02462   0.09098  0.003612
    86/199      7.7G   0.03554   0.09589   0.01014    0.1416       303       640    0.5586     0.967    0.9172    0.6063   0.02441   0.08633  0.003095
    87/199      7.7G   0.03537   0.09246   0.01016     0.138       242       640    0.5647    0.9788    0.9246    0.6267   0.02362   0.08682  0.003137
    88/199      7.7G    0.0355   0.09612   0.01035     0.142       218       640    0.5337     0.975    0.9144     0.604   0.02457   0.08654  0.002995
    89/199      7.7G    0.0349   0.09715    0.0099    0.1419       233       640    0.5595    0.9766    0.9127    0.6179   0.02332   0.08662  0.003535
    90/199      7.7G   0.03509    0.0942   0.01033    0.1396       248       640    0.5309    0.9767    0.9244    0.6298   0.02272   0.08711  0.002906
    91/199      7.7G   0.03492   0.09611   0.00982    0.1408       269       640    0.5668    0.9582    0.9241    0.6277   0.02263    0.0854  0.003474
    92/199      7.7G   0.03514   0.09532  0.009729    0.1402       253       640    0.5582    0.9725    0.9162     0.619   0.02339   0.08636  0.003697
    93/199      7.7G   0.03462   0.09437  0.009573    0.1386       289       640    0.5533    0.9849    0.9306    0.6393   0.02302   0.08745  0.003124
    94/199      7.7G   0.03403   0.09818  0.009756     0.142       295       640    0.5554     0.968    0.9285    0.6299   0.02344   0.08893  0.003054
    95/199      7.7G   0.03463   0.09162    0.0102    0.1365       248       640    0.5176    0.9672    0.9088    0.6036    0.0238   0.09146  0.003631
    96/199      7.7G   0.03506   0.09452  0.009817    0.1394       226       640     0.535    0.9774    0.9213    0.6188   0.02362   0.08684  0.003106
    97/199      7.7G   0.03386   0.09574  0.009164    0.1388       238       640    0.5355    0.9766    0.9118    0.6192    0.0231   0.08683   0.00299
    98/199      7.7G   0.03403   0.09156  0.009483    0.1351       188       640    0.5354    0.9724    0.9299     0.633   0.02281   0.08573  0.002871
    99/199      7.7G   0.03462   0.09586  0.009551      0.14       229       640    0.5477    0.9802    0.9235      0.63   0.02322   0.08515  0.003021
   100/199      7.7G   0.03426   0.09492  0.009338    0.1385       253       640    0.5328     0.976    0.9202    0.6221   0.02326   0.08963  0.003218
   101/199      7.7G   0.03422   0.09322  0.009389    0.1368       249       640    0.5579    0.9863    0.9352    0.6316   0.02293   0.08459  0.002938
   102/199      7.7G   0.03399   0.09303  0.009461    0.1365       214       640    0.5138    0.9863    0.9242    0.6216   0.02336    0.0894  0.002898
   103/199      7.7G     0.034   0.09371  0.009167    0.1369       284       640     0.552     0.981    0.9315    0.6315     0.023   0.08649  0.003011
   104/199      7.7G   0.03373   0.09372  0.009201    0.1366       278       640    0.5643    0.9786    0.9208     0.635   0.02356   0.08334  0.002676
   105/199      7.7G   0.03328   0.09412   0.00899    0.1364       237       640    0.5645    0.9789    0.9215    0.6261   0.02314    0.0837  0.002841
   106/199      7.7G   0.03312   0.09069  0.009076    0.1329       262       640     0.497    0.9816    0.9215    0.6171   0.02339   0.09042  0.003014
   107/199      7.7G   0.03391   0.09114  0.009391    0.1344       277       640    0.5151    0.9865    0.9215    0.6387   0.02322   0.08711  0.003006
   108/199      7.7G   0.03402   0.09186  0.009041    0.1349       220       640    0.5559    0.9773    0.9133    0.6264   0.02298   0.08507  0.003333
   109/199      7.7G   0.03401   0.09091  0.008928    0.1338       287       640    0.5436    0.9685    0.9264    0.6295    0.0237   0.08492  0.002784
   110/199      7.7G   0.03303   0.09402  0.008668    0.1357       204       640    0.5307    0.9866    0.9272    0.6445   0.02254   0.08655  0.002657
   111/199      7.7G   0.03355   0.09314  0.009092    0.1358       246       640    0.5798    0.9771    0.9201    0.6382     0.023   0.08445  0.002698
   112/199      7.7G   0.03357   0.09108  0.009123    0.1338       195       640    0.5615    0.9792    0.9191    0.6307   0.02325   0.08568  0.002613
   113/199      7.7G   0.03377   0.09317  0.008869    0.1358       288       640    0.5749    0.9812    0.9286     0.646   0.02192   0.08114  0.002634
   114/199      7.7G   0.03447   0.08929  0.009146    0.1329       237       640    0.5772     0.967    0.9291    0.6423   0.02277   0.08152  0.002613
   115/199      7.7G    0.0338   0.08994    0.0093     0.133       207       640    0.5623    0.9853    0.9306    0.6436   0.02244   0.08362  0.002404
   116/199      7.7G   0.03334   0.08921  0.008798    0.1314       202       640    0.5376    0.9892    0.9269     0.645   0.02225   0.08487  0.002539
   117/199      7.7G     0.033   0.09062  0.008744    0.1324       256       640    0.5747    0.9827    0.9328    0.6521   0.02229   0.08285  0.002604
   118/199      7.7G     0.033    0.0906  0.008991    0.1326       163       640    0.5443    0.9874    0.9435    0.6526   0.02261   0.08288  0.002614
   119/199      7.7G    0.0327   0.08962  0.008962    0.1313       278       640    0.5795    0.9776    0.9282    0.6445   0.02274   0.08066  0.002622
   120/199      7.7G   0.03314   0.09112  0.008472    0.1327       219       640    0.5321    0.9853    0.9377    0.6423    0.0233   0.08519  0.002463
   121/199      7.7G   0.03293   0.09031  0.008975    0.1322       253       640    0.5762     0.972    0.9344    0.6512   0.02191   0.08167  0.002328
   122/199      7.7G   0.03285   0.08897  0.008223      0.13       215       640    0.5241    0.9823      0.93    0.6412   0.02347   0.08514  0.002463
   123/199      7.7G   0.03287   0.08949  0.008841    0.1312       242       640    0.5777     0.979    0.9151    0.6426   0.02255   0.08042  0.002244
   124/199      7.7G    0.0328   0.09366  0.008617    0.1351       245       640    0.5776    0.9804    0.9322    0.6467   0.02254   0.08135  0.002156
   125/199      7.7G   0.03251   0.08975  0.008427    0.1307       211       640    0.5328     0.989    0.9446    0.6665   0.02165   0.08514  0.001983
   126/199      7.7G   0.03222   0.08738   0.00832    0.1279       259       640     0.572    0.9805    0.9395    0.6689   0.02129   0.08233  0.002007
   127/199      7.7G   0.03303   0.09201  0.009046    0.1341       234       640    0.5268    0.9798    0.9319    0.6676   0.02176   0.08283  0.002284
   128/199      7.7G   0.03235   0.08925  0.008328    0.1299       200       640    0.5913    0.9769    0.9341    0.6682   0.02102   0.07851  0.002179
   129/199      7.7G   0.03263   0.09056  0.008725    0.1319       248       640    0.5379    0.9864    0.9264    0.6616   0.02157   0.08154  0.002326
   130/199      7.7G   0.03264   0.08881  0.008266    0.1297       297       640    0.5914    0.9846    0.9347    0.6672   0.02127   0.08003  0.002062
   131/199      7.7G   0.03226   0.08703  0.008363    0.1276       257       640    0.5948    0.9786    0.9412     0.669   0.02139   0.07867  0.002113
   132/199      7.7G   0.03256   0.09048  0.008381    0.1314       217       640    0.5836     0.985    0.9443      0.67   0.02122   0.08023  0.001979
   133/199      7.7G     0.032    0.0908  0.008025    0.1308       224       640    0.5669    0.9857    0.9321    0.6558   0.02214   0.07997  0.001877
   134/199      7.7G   0.03206   0.08973  0.007982    0.1298       194       640     0.543    0.9852    0.9338    0.6531   0.02205   0.08391  0.001846
   135/199      7.7G   0.03183   0.08869  0.008066    0.1286       251       640    0.5538    0.9808    0.9247    0.6561   0.02207   0.08109  0.002262
   136/199      7.7G   0.03232   0.08944  0.008033    0.1298       231       640    0.5721    0.9806    0.9403      0.67   0.02106   0.08036  0.001877
   137/199      7.7G   0.03227   0.08982     0.008    0.1301       214       640    0.5556    0.9933    0.9374    0.6567   0.02203   0.08009  0.002129
   138/199      7.7G   0.03217    0.0884  0.008015    0.1286       256       640    0.5623    0.9938    0.9433    0.6668   0.02148   0.08137  0.001813
   139/199      7.7G   0.03208   0.08856   0.00819    0.1288       249       640     0.559    0.9875    0.9333    0.6657   0.02167   0.08251  0.001746
   140/199      7.7G   0.03175   0.08967  0.007863    0.1293       299       640    0.5564    0.9904    0.9424    0.6597   0.02246   0.08114  0.001822
   141/199      7.7G   0.03172   0.08834  0.007797    0.1278       231       640     0.629    0.9826    0.9424    0.6789   0.02082   0.07608  0.001812
   142/199      7.7G   0.03236   0.08816  0.008204    0.1287       222       640    0.5723    0.9853      0.93    0.6719   0.02121   0.07883  0.002098
   143/199      7.7G     0.032   0.08573  0.008099    0.1258       287       640    0.5766    0.9822     0.934    0.6683   0.02112    0.0796  0.001943
   144/199      7.7G   0.03211   0.08776  0.007929    0.1278       218       640    0.6165    0.9824    0.9398    0.6713   0.02137   0.07643  0.001882
   145/199      7.7G   0.03144   0.08704  0.007986    0.1265       251       640    0.5588    0.9872    0.9433    0.6815   0.02123   0.07978  0.001903
   146/199      7.7G   0.03201   0.08599  0.008041     0.126       225       640    0.5787    0.9882    0.9399    0.6787   0.02094   0.07885  0.001754
   147/199      7.7G   0.03174   0.08954  0.007941    0.1292       249       640    0.6104    0.9788    0.9432      0.68   0.02083   0.07631  0.001833
   148/199      7.7G   0.03195    0.0859  0.007733    0.1256       268       640    0.5579    0.9883    0.9368    0.6728   0.02123   0.07874  0.001822
   149/199      7.7G   0.03117   0.08691  0.007498    0.1256       243       640    0.5735    0.9878    0.9394    0.6763   0.02084   0.08032  0.001816
   150/199      7.7G   0.03116   0.08605  0.007502    0.1247       224       640    0.5718    0.9878     0.938    0.6837    0.0205   0.07832  0.001726
   151/199      7.7G   0.03185   0.08715   0.00754    0.1265       245       640    0.6038    0.9848    0.9458    0.6858   0.02049   0.07676  0.001551
   152/199      7.7G    0.0316   0.08777  0.007776    0.1271       289       640    0.5833    0.9857    0.9456    0.6771   0.02121   0.07939   0.00176
   153/199      7.7G   0.03135   0.08819  0.007403    0.1269       242       640    0.5925    0.9877    0.9418    0.6848   0.02075   0.07788  0.001561
   154/199      7.7G   0.03128   0.08476  0.007285    0.1233       244       640    0.6041    0.9914    0.9449    0.6874   0.02064   0.07683   0.00173
   155/199      7.7G   0.03118   0.08671  0.007848    0.1257       274       640    0.5841    0.9928    0.9442    0.6818   0.02066   0.07615  0.001759
   156/199      7.7G   0.03116   0.08527  0.007302    0.1237       267       640    0.6089    0.9851    0.9504    0.6964   0.02015   0.07627  0.001534
   157/199      7.7G   0.03184   0.08654  0.007718    0.1261       326       640    0.6167    0.9933    0.9475    0.6862   0.02043   0.07689  0.001591
   158/199      7.7G   0.03131   0.08634  0.007323     0.125       233       640    0.5999    0.9903    0.9435    0.6867   0.02045   0.07684  0.001471
   159/199      7.7G    0.0314   0.08573  0.007492    0.1246       210       640    0.5993    0.9927    0.9514    0.6906   0.02047   0.07685  0.001483
   160/199      7.7G   0.03155   0.08652  0.007564    0.1256       296       640    0.6048    0.9907    0.9478    0.6875   0.02032   0.07572  0.001511
   161/199      7.7G   0.03081     0.085  0.007426    0.1232       221       640     0.592     0.991    0.9451    0.6902   0.02028   0.07754  0.001601
   162/199      7.7G   0.03127   0.08494  0.007548    0.1238       235       640    0.5868    0.9848    0.9476    0.6918   0.02051   0.07666  0.001678
   163/199      7.7G   0.03164   0.08775  0.007649     0.127       308       640    0.6044    0.9901    0.9518    0.7025   0.02041   0.07578  0.001731
   164/199      7.7G    0.0308   0.08367  0.007511     0.122       196       640    0.6101    0.9913    0.9532    0.6941   0.02071   0.07597  0.001594
   165/199      7.7G   0.03104    0.0848  0.007351    0.1232       259       640    0.5967    0.9899      0.95    0.6954   0.02065   0.07633  0.001503
   166/199      7.7G   0.03104   0.08692  0.007261    0.1252       207       640     0.576    0.9912    0.9463    0.6896   0.02093   0.07731  0.001603
   167/199      7.7G   0.03082   0.08408  0.007252    0.1222       218       640    0.6161    0.9903    0.9539    0.7026   0.01997   0.07587  0.001442
   168/199      7.7G   0.03041   0.08724  0.006811    0.1245       184       640    0.6096    0.9902    0.9512    0.6958   0.02008   0.07563  0.001559
   169/199      7.7G   0.03067   0.08752  0.007281    0.1255       279       640    0.6385    0.9849    0.9509    0.7005   0.02032   0.07541  0.001527
   170/199      7.7G   0.03149   0.08459   0.00748    0.1236       293       640    0.6191    0.9909     0.953    0.7033      0.02   0.07507  0.001419
   171/199      7.7G   0.03094   0.08405  0.007044     0.122       214       640    0.6028    0.9886    0.9497    0.6958   0.02036   0.07602  0.001364
   172/199      7.7G   0.03097   0.08567  0.007196    0.1238       283       640    0.6427    0.9913    0.9517    0.7028   0.01974   0.07429  0.001433
   173/199      7.7G   0.03074   0.08506  0.007036    0.1228       221       640      0.59    0.9874     0.948    0.7016   0.02019   0.07472   0.00153
   174/199      7.7G   0.03045   0.08711   0.00703    0.1246       265       640    0.6067    0.9913    0.9546    0.7087   0.01966   0.07434  0.001441
   175/199      7.7G   0.03119   0.08302  0.007156    0.1214       219       640    0.6074     0.989    0.9476    0.6991   0.02002   0.07555  0.001393
   176/199      7.7G   0.03063    0.0833  0.007324    0.1213       264       640    0.6144     0.992    0.9471    0.7047   0.01997   0.07444  0.001381
   177/199      7.7G   0.03079   0.08345  0.007067    0.1213       237       640    0.5782    0.9904    0.9438    0.6966   0.02025    0.0767  0.001302
   178/199      7.7G   0.03107   0.08463   0.00675    0.1225       220       640    0.5846    0.9928    0.9488    0.7024    0.0202   0.07656  0.001331
   179/199      7.7G   0.03046   0.08365    0.0072    0.1213       211       640    0.6081    0.9951    0.9556    0.7038   0.02009   0.07495  0.001327
   180/199      7.7G   0.02981   0.08322  0.007046    0.1201       217       640    0.6151    0.9928    0.9589    0.7148   0.01971   0.07411  0.001309
   181/199      7.7G   0.03009   0.08554  0.006828    0.1225       249       640    0.6168    0.9907    0.9584    0.7076   0.01983    0.0734  0.001263
   182/199      7.7G   0.03011   0.08423  0.007091    0.1214       252       640    0.6129    0.9948    0.9548    0.7055   0.01991   0.07525  0.001304
   183/199      7.7G   0.03046   0.08472  0.007277    0.1225       241       640    0.6312    0.9896    0.9548    0.7058   0.01952   0.07432  0.001295
   184/199      7.7G   0.03039   0.08383  0.006992    0.1212       257       640    0.6078    0.9943    0.9518    0.7056   0.01951   0.07538  0.001333
   185/199      7.7G   0.03075   0.08461  0.007178    0.1225       271       640    0.5916    0.9955    0.9537    0.7036   0.01981   0.07631  0.001265
   186/199      7.7G   0.03094   0.08157  0.007256    0.1198       260       640    0.6039    0.9941    0.9562    0.7047   0.01965   0.07453  0.001245
   187/199      7.7G   0.03021   0.08459  0.006827    0.1216       216       640    0.6266    0.9935    0.9538    0.7119    0.0195   0.07407  0.001336
   188/199      7.7G   0.03034   0.08387  0.006864    0.1211       205       640    0.6169    0.9951     0.956    0.7125   0.01958    0.0753  0.001364
   189/199      7.7G   0.03041   0.08279  0.007026    0.1202       257       640    0.5838    0.9947    0.9612    0.7068   0.02021     0.077  0.001313
   190/199      7.7G   0.02992   0.08224   0.00675    0.1189       316       640    0.5985    0.9955    0.9616    0.7089   0.01974   0.07526  0.001319
   191/199      7.7G   0.03026     0.085  0.006901    0.1222       247       640    0.6127    0.9921     0.957    0.7117   0.01962   0.07389  0.001234
   192/199      7.7G   0.03008   0.08342  0.006858    0.1204       223       640    0.6126    0.9955      0.96    0.7192   0.01915   0.07393  0.001255
   193/199      7.7G   0.02983   0.08383  0.006764    0.1204       262       640    0.6074    0.9917    0.9537    0.7072   0.01979   0.07398  0.001293
   194/199      7.7G    0.0301   0.08232  0.007017    0.1194       270       640    0.6112    0.9925     0.956    0.7079   0.01973   0.07365  0.001237
   195/199      7.7G   0.03046    0.0823  0.006685    0.1194       191       640    0.6039    0.9933    0.9562    0.7081   0.01954   0.07502  0.001255
   196/199      7.7G   0.03012   0.08316  0.006779    0.1201       260       640    0.6053    0.9907    0.9584    0.7131   0.01942    0.0749  0.001152
   197/199      7.7G   0.02959   0.08421  0.006644    0.1204       247       640    0.6066    0.9952    0.9587    0.7061   0.01984   0.07487  0.001188
   198/199      7.7G   0.03027   0.08381  0.006758    0.1208       239       640    0.6029    0.9921    0.9546    0.7122   0.01954   0.07442  0.001351
