      0/39     2.48G   0.04319    0.1036   0.01986    0.1667       225       640         0         0         0         0         0         0         0
      1/39     7.13G   0.03994    0.1017   0.01725    0.1589       224       640         0         0         0         0         0         0         0
      2/39     7.14G   0.03963   0.09966   0.01636    0.1557       264       640         0         0         0         0         0         0         0
      3/39     7.14G   0.03955   0.09795   0.01523    0.1527       301       640    0.5221    0.9786    0.9382    0.6656   0.02175   0.08089  0.002311
      4/39     7.27G   0.03874   0.09546   0.01529    0.1495       272       640    0.5278    0.9892    0.9391    0.6725   0.02126   0.08045  0.002274
      5/39     7.13G   0.03944   0.09897   0.01433    0.1527       228       640    0.5071    0.9864    0.9348    0.6628   0.02156   0.08136  0.002254
      6/39     7.13G   0.03885   0.09536   0.01407    0.1483       217       640    0.4539    0.9766    0.9141    0.6389   0.02284   0.08529   0.00297
      7/39     7.13G   0.03897   0.09472   0.01412    0.1478       257       640    0.5281    0.9793    0.9275    0.6647   0.02139   0.07862  0.002281
      8/39     7.13G   0.03861   0.09346   0.01329    0.1454       196       640    0.5289    0.9871    0.9408    0.6638   0.02137   0.08187  0.002121
      9/39     7.13G   0.03946   0.09549   0.01311    0.1481       214       640    0.5273    0.9833    0.9278    0.6543   0.02247   0.08104  0.002275
     10/39     7.13G   0.03911     0.093   0.01271    0.1448       190       640    0.5491    0.9858    0.9359    0.6738   0.02107   0.07792  0.002212
     11/39     7.13G   0.03812   0.09365   0.01292    0.1447       248       640    0.5024    0.9814    0.9225    0.6358   0.02311   0.08219  0.002379
     12/39     7.13G   0.03792   0.09366   0.01301    0.1446       253       640    0.5167    0.9912    0.9304    0.6611   0.02168   0.08129  0.002174
     13/39     7.13G   0.03814   0.09559   0.01247    0.1462       241       640     0.551    0.9842    0.9305    0.6414   0.02292   0.07883  0.002434
     14/39     7.13G   0.03895   0.09474   0.01281    0.1465       202       640     0.538    0.9927    0.9394    0.6684   0.02125   0.07913  0.002262
     15/39     7.13G   0.03714   0.09375   0.01247    0.1434       284       640    0.5362     0.986    0.9346    0.6484   0.02218   0.08121  0.002541
     16/39     7.13G   0.03677   0.09363   0.01232    0.1427       223       640    0.5378    0.9891    0.9334    0.6545   0.02194   0.07906  0.002585
     17/39     7.13G   0.03746   0.09412   0.01201    0.1436       243       640    0.4854    0.9814    0.9151    0.6284   0.02363   0.08891  0.003544
     18/39     7.13G   0.03684   0.09366   0.01253     0.143       235       640    0.5299    0.9878    0.9324    0.6677   0.02117   0.08032  0.002451
     19/39     7.13G   0.03649   0.09346    0.0121     0.142       255       640    0.5269    0.9848    0.9322    0.6557   0.02216   0.08082  0.002421
     20/39     7.13G   0.03709   0.09513   0.01185    0.1441       247       640     0.536    0.9719    0.9232    0.6575   0.02143   0.08081  0.002501
     21/39     7.13G   0.03691   0.09334   0.01192    0.1422       229       640    0.5395    0.9729    0.9225    0.6665   0.02118   0.07941  0.002314
     22/39     7.13G   0.03654   0.09504   0.01194    0.1435       248       640    0.5075     0.982    0.9202    0.6515   0.02239   0.08117  0.002388
     23/39     7.13G   0.03606   0.09282   0.01174    0.1406       228       640    0.4745    0.9771    0.9173    0.6263    0.0239   0.08351  0.002787
     24/39     7.13G   0.03581   0.09314   0.01157    0.1405       264       640    0.5158    0.9926    0.9401    0.6709   0.02191   0.08183  0.002259
     25/39     7.13G   0.03572   0.09137   0.01175    0.1388       309       640    0.5356    0.9909     0.941    0.6681   0.02122   0.07954  0.002073
     26/39     7.13G   0.03575   0.09265   0.01171    0.1401       252       640    0.4736    0.9883    0.9184    0.6347   0.02378   0.08662  0.002414
     27/39     7.13G   0.03503   0.08951   0.01116    0.1357       214       640    0.5587    0.9812    0.9432    0.6758   0.02131   0.07933   0.00212
     28/39     7.13G   0.03496   0.09212   0.01129    0.1384       208       640    0.5598    0.9859    0.9434    0.6792   0.02077   0.07838  0.002096
     29/39     7.13G   0.03437   0.09089   0.01126    0.1365       228       640     0.516    0.9868    0.9316    0.6562   0.02197    0.0791  0.002393
     30/39     7.13G    0.0352   0.09029   0.01134    0.1368       221       640    0.5078    0.9814    0.9259    0.6515    0.0225   0.08056   0.00204
     31/39     7.13G   0.03481    0.0927   0.01116    0.1387       233       640    0.5333    0.9871    0.9385    0.6792   0.02085   0.07835  0.002135
     32/39     7.13G   0.03488   0.09125   0.01119    0.1373       217       640    0.5618    0.9894    0.9469    0.6882   0.02054   0.07734  0.001941
     33/39     7.13G   0.03366     0.091   0.01034     0.135       240       640    0.5013    0.9892    0.9424    0.6739   0.02161   0.08314  0.002063
     34/39     7.13G   0.03468   0.09003   0.01112    0.1358       248       640    0.5446    0.9868    0.9413     0.687   0.02054   0.07836  0.001967
     35/39     7.13G     0.035   0.09065   0.01119    0.1368       264       640    0.5683     0.991    0.9489    0.6858   0.02065   0.07755  0.002067
     36/39     7.13G   0.03461    0.0923   0.01064    0.1375       240       640     0.566    0.9922    0.9418    0.6906   0.02033   0.07634  0.001903
     37/39     7.13G   0.03415   0.09013   0.01069     0.135       288       640    0.5481    0.9861    0.9417    0.6842    0.0208   0.07692  0.001848
     38/39     7.13G   0.03417   0.09089   0.01058    0.1356       215       640    0.5049    0.9907    0.9457     0.677    0.0215   0.08028  0.001945
     39/39     7.13G   0.03437   0.08966   0.01095     0.135       251       640    0.5565    0.9889    0.9422    0.6891   0.02035   0.07649  0.001864
