     0/299     8.56G    0.1125    0.1587   0.04352    0.3148       526       640         0         0         0         0         0         0         0
     1/299     8.57G    0.1034    0.1597    0.0408    0.3039       526       640         0         0         0         0         0         0         0
     2/299     8.57G   0.09369    0.1703   0.03897     0.303       664       640         0         0         0         0         0         0         0
     3/299     8.57G   0.08775      0.17   0.03776    0.2955       571       640         0         0         0         0   0.09986    0.3013   0.04078
     4/299     10.1G   0.08398    0.1703   0.03726    0.2915       592       640   0.06667 2.791e-05   0.02195  0.006487   0.08668    0.2712   0.03971
     5/299     10.1G   0.08306    0.1723    0.0368    0.2921       587       640   0.06667 2.791e-05   0.02011  0.005608   0.08778    0.2154   0.03898
     6/299     10.1G   0.08079    0.1691   0.03672    0.2866       647       640   0.06667 9.221e-05   0.01801  0.004708   0.09693    0.1714   0.03883
     7/299     10.1G   0.07833    0.1674    0.0364    0.2821       532       640    0.2147  0.008247   0.03325    0.0103      0.07     0.213   0.03733
     8/299     10.1G   0.07658    0.1645   0.03654    0.2776       575       640    0.0797   0.03127   0.03931   0.01324   0.06431    0.1974   0.03698
     9/299     10.1G   0.07554    0.1607    0.0365    0.2727       584       640    0.1438  0.009213   0.03652   0.01148   0.07112    0.2045   0.03739
    10/299     10.1G   0.07403    0.1614   0.03622    0.2716       581       640   0.07196   0.06739   0.05354   0.01748   0.05999    0.1821   0.03668
    11/299     10.1G   0.07127     0.162   0.03605    0.2693       486       640   0.06179   0.04244   0.04632   0.01408   0.06611    0.1725   0.03669
    12/299     10.1G   0.07102    0.1587   0.03599    0.2657       589       640   0.06348   0.03669   0.03715   0.01262   0.06604    0.1907   0.03684
    13/299     10.1G   0.06928    0.1586   0.03602    0.2639       586       640   0.03266   0.08655   0.03659   0.01147   0.06396    0.1944   0.03651
    14/299     10.1G    0.0684    0.1561   0.03566    0.2601       461       640   0.08569   0.02589   0.06064   0.02331   0.05774    0.1966   0.03664
    15/299     10.1G   0.06547    0.1569   0.03587    0.2582       599       640   0.09453    0.1048   0.08106   0.03348     0.053    0.1762   0.03615
    16/299     10.1G   0.06607    0.1592   0.03555    0.2608       625       640   0.05257   0.09519   0.05288   0.01656   0.06153     0.177   0.03593
    17/299     10.1G   0.06475     0.156   0.03528    0.2561       548       640    0.1035   0.04168   0.05912   0.02456   0.05657    0.1923   0.03652
    18/299     10.1G   0.06324    0.1546   0.03517     0.253       545       640   0.08504   0.02281   0.05872    0.0223   0.06021    0.2165   0.03635
    19/299     10.1G    0.0628    0.1528    0.0351    0.2507       587       640    0.1534   0.08406   0.07836   0.03154   0.05524    0.1779   0.03575
    20/299     10.1G   0.06184     0.154   0.03494    0.2508       647       640    0.1741   0.09721   0.09452   0.04049   0.05079    0.1771   0.03534
    21/299     10.1G   0.06037    0.1528   0.03489    0.2481       592       640    0.1552    0.1317    0.1039   0.04881    0.0486    0.1763   0.03512
    22/299     10.1G   0.05943     0.154   0.03478    0.2482       631       640     0.137      0.14   0.06755   0.02146     0.065    0.1929   0.03516
    23/299     10.1G    0.0592    0.1506   0.03423    0.2441       540       640    0.1642    0.1271    0.1007   0.04063   0.05012    0.1696   0.03478
    24/299     10.1G   0.05835    0.1523   0.03429    0.2449       504       640    0.2055    0.1367    0.1164   0.05136   0.04641    0.1661   0.03438
    25/299     10.1G   0.05623    0.1485   0.03412    0.2389       569       640    0.1207    0.1533   0.09959   0.03666   0.05389    0.1801   0.03443
    26/299     10.1G   0.05776    0.1474   0.03386    0.2391       537       640    0.2056    0.1698    0.1168   0.05078   0.04927    0.1675   0.03483
    27/299     10.1G   0.05667    0.1475   0.03368    0.2379       632       640    0.2384    0.1921    0.1151   0.05638    0.0484     0.188   0.03399
    28/299     10.1G   0.05573    0.1483   0.03368    0.2377       560       640    0.1498    0.2022    0.1323    0.0657   0.04646    0.1648   0.03476
    29/299     10.1G   0.05536    0.1438   0.03355    0.2327       586       640    0.2693    0.1842    0.1307   0.06191   0.04656    0.1575   0.03356
    30/299     10.1G   0.05518    0.1449   0.03313    0.2332       621       640    0.1487    0.2827    0.1429   0.06846   0.04394    0.1617    0.0338
    31/299     10.1G   0.05342    0.1462   0.03304    0.2327       531       640    0.2224     0.215    0.1489   0.07307   0.04253    0.1598   0.03274
    32/299     10.1G   0.05358     0.145   0.03277    0.2314       592       640    0.2293    0.1405    0.1288   0.05339   0.05047    0.1793   0.03309
    33/299     10.1G   0.05243    0.1436   0.03245    0.2285       602       640    0.1449    0.3156    0.1584    0.0738   0.04553     0.175   0.03236
    34/299     10.1G   0.05316    0.1431   0.03217    0.2285       491       640     0.199    0.2575    0.1732   0.08521   0.04294    0.1595   0.03177
    35/299     10.1G   0.05152    0.1413   0.03195    0.2248       617       640    0.1118    0.3606    0.1418   0.06736   0.05044    0.2009    0.0322
    36/299     10.1G   0.05152    0.1424   0.03152    0.2254       600       640    0.1914    0.3322    0.1899   0.09741   0.04117    0.1598   0.03082
    37/299     10.1G   0.05291     0.142   0.03143    0.2264       485       640    0.2159    0.2331    0.1807   0.08619   0.04445    0.1581   0.03086
    38/299     10.1G   0.05119    0.1396   0.03114    0.2219       538       640    0.1904    0.3429    0.1853   0.08997   0.04241    0.1595   0.03029
    39/299     10.1G   0.05123    0.1412   0.03093    0.2233       518       640    0.1735    0.3566    0.1962   0.09804   0.04232    0.1728   0.02995
    40/299     10.1G   0.05016    0.1388   0.03032    0.2192       506       640    0.1703    0.4353    0.2182    0.1139   0.04054    0.1566   0.02947
    41/299     10.1G   0.04894    0.1372   0.02981     0.216       583       640    0.1439    0.4775    0.2198    0.1091    0.0441    0.1641   0.03008
    42/299     10.1G   0.04943     0.138   0.02956    0.2169       588       640    0.1596    0.4528    0.2284    0.1145   0.04326    0.1647   0.02835
    43/299     10.1G   0.04959    0.1409   0.02934    0.2198       555       640    0.1805    0.4483    0.2495    0.1281   0.04019    0.1601   0.02837
    44/299     10.1G   0.04848    0.1383   0.02888    0.2156       608       640    0.2134    0.4039    0.2586    0.1432   0.03854    0.1528   0.02831
    45/299     10.1G    0.0476    0.1369   0.02866    0.2132       543       640    0.1819    0.4972    0.2725    0.1438   0.03953    0.1593   0.02674
    46/299     10.1G   0.04789    0.1354   0.02813    0.2115       672       640    0.1705    0.5104    0.2847    0.1488   0.04035    0.1489   0.02632
    47/299     10.1G   0.04812    0.1292   0.02842    0.2057       625       640    0.1685    0.5226    0.2943    0.1547   0.03841    0.1546   0.02579
    48/299     10.1G   0.04815    0.1331   0.02771    0.2089       667       640    0.1626    0.5678    0.2977    0.1551   0.03804    0.1532   0.02679
    49/299     10.1G    0.0462    0.1332   0.02708    0.2065       539       640    0.2117    0.4784    0.3095    0.1639   0.03899    0.1486   0.02518
    50/299     10.1G   0.04686    0.1327   0.02732    0.2069       566       640     0.174    0.5837    0.3256    0.1688   0.03974    0.1562   0.02474
    51/299     10.1G   0.04601    0.1337   0.02647    0.2061       594       640    0.2261     0.531    0.3239    0.1786   0.03823    0.1457   0.02519
    52/299     10.1G    0.0465    0.1308   0.02648    0.2037       631       640    0.2108    0.5497    0.3392    0.1826   0.03753    0.1458   0.02539
    53/299     10.1G     0.046    0.1311   0.02615    0.2032       564       640    0.2398    0.5409    0.3591    0.1966   0.03741    0.1461   0.02412
    54/299     10.1G   0.04522    0.1345   0.02584    0.2055       578       640    0.1964    0.6093    0.3681    0.2001   0.03657    0.1542   0.02369
    55/299     10.1G   0.04679    0.1325   0.02559    0.2048       564       640    0.2496    0.5311    0.3652    0.2097   0.03685    0.1448    0.0237
    56/299     10.1G   0.04507     0.128   0.02531    0.1984       567       640    0.2125    0.5781    0.3895    0.2215   0.03533    0.1451    0.0227
    57/299     10.1G    0.0451    0.1314    0.0248    0.2013       522       640    0.2187    0.6109    0.3916    0.2181   0.03547    0.1467   0.02303
    58/299     10.1G   0.04489    0.1269   0.02457    0.1964       600       640     0.231    0.5567    0.3995     0.231    0.0356    0.1441   0.02228
    59/299     10.1G   0.04471    0.1296   0.02471     0.199       632       640    0.2379    0.5665    0.4026    0.2255   0.03603     0.142   0.02175
    60/299     10.1G   0.04534    0.1282   0.02414    0.1977       596       640    0.1948    0.6267    0.4094    0.2236   0.03718    0.1535   0.02242
    61/299     10.1G   0.04386    0.1272   0.02417    0.1953       584       640    0.2201    0.5763    0.4102    0.2202   0.03786    0.1486   0.02194
    62/299     10.1G    0.0445    0.1272   0.02375    0.1954       521       640    0.2087    0.6112    0.4303    0.2468   0.03541    0.1445   0.02091
    63/299     10.1G   0.04514    0.1258   0.02381    0.1947       568       640    0.2661     0.574    0.4208    0.2426   0.03495    0.1397   0.02084
    64/299     10.1G   0.04395     0.126   0.02268    0.1927       639       640    0.1997    0.6491     0.435    0.2428   0.03647    0.1469   0.02021
    65/299     10.1G   0.04478    0.1277   0.02313    0.1956       608       640    0.2234    0.6428    0.4554    0.2701   0.03419     0.139   0.01961
    66/299     10.1G   0.04358    0.1257   0.02271     0.192       460       640    0.2507    0.6256    0.4559    0.2598    0.0353    0.1447   0.01969
    67/299     10.1G   0.04399     0.125   0.02261    0.1916       565       640    0.2423    0.6307    0.4602      0.27   0.03375    0.1407   0.01958
    68/299     10.1G   0.04334    0.1265   0.02209     0.192       696       640    0.2606    0.6315    0.4695    0.2789   0.03435     0.142   0.01907
    69/299     10.1G   0.04337    0.1297     0.022    0.1951       575       640    0.2524    0.6473    0.4773    0.2804   0.03372    0.1396     0.019
    70/299     10.1G   0.04326     0.124   0.02236    0.1896       605       640    0.2771    0.6314    0.4776     0.286   0.03352    0.1366   0.01886
    71/299     10.1G   0.04289     0.124   0.02179    0.1887       589       640    0.2577    0.6414    0.4737    0.2759   0.03441    0.1396   0.01863
    72/299     10.1G   0.04353    0.1239   0.02167    0.1891       543       640    0.2542    0.6516    0.4887    0.2837    0.0336     0.138    0.0183
    73/299     10.1G   0.04338    0.1265   0.02148    0.1914       493       640    0.2763    0.6616    0.4952    0.2909   0.03349     0.142   0.01814
    74/299     10.1G   0.04344    0.1243   0.02144    0.1892       645       640    0.2519     0.683    0.5005     0.296   0.03333    0.1406   0.01834
    75/299     10.1G   0.04336    0.1214   0.02113    0.1859       638       640    0.2625    0.6563    0.4971    0.2938   0.03346    0.1371     0.018
    76/299     10.1G   0.04302    0.1232   0.02081    0.1871       561       640    0.2986    0.6416    0.5052    0.3028   0.03345    0.1344   0.01753
    77/299     10.1G   0.04217    0.1224   0.02083    0.1854       628       640    0.2603    0.6694    0.5179    0.3098   0.03313    0.1372   0.01718
    78/299     10.1G   0.04202    0.1233   0.02042    0.1857       550       640    0.2752    0.6675    0.5264     0.317   0.03294    0.1357   0.01712
    79/299     10.1G   0.04172    0.1264   0.02018    0.1883       661       640    0.2676    0.6974     0.533    0.3212   0.03302    0.1379   0.01692
    80/299     10.1G    0.0423    0.1232   0.02019    0.1857       572       640    0.2623    0.6854    0.5245    0.3053   0.03471    0.1407   0.01702
    81/299     10.1G   0.04173     0.122   0.02012    0.1838       647       640    0.2758    0.6693    0.5317    0.3224   0.03278     0.138   0.01679
    82/299     10.1G   0.04181    0.1206   0.02002    0.1824       613       640    0.2416    0.7018    0.5298    0.3114   0.03388    0.1408   0.01672
    83/299     10.1G   0.04207    0.1217   0.01979    0.1835       539       640    0.2836     0.683    0.5486    0.3347   0.03247    0.1359   0.01599
    84/299     10.1G   0.04159    0.1229    0.0198    0.1843       483       640     0.309    0.6699    0.5434    0.3282    0.0325    0.1319    0.0164
    85/299     10.1G   0.04161    0.1226   0.01959    0.1838       581       640    0.3005    0.6706     0.555    0.3404    0.0317    0.1319    0.0161
    86/299     10.1G   0.04155    0.1215   0.01941    0.1825       652       640    0.2584    0.7273    0.5529    0.3305   0.03307    0.1433   0.01631
    87/299     10.1G   0.04133    0.1224    0.0193     0.183       472       640    0.3137    0.6592     0.553    0.3347   0.03228    0.1319   0.01643
    88/299     10.1G   0.04113    0.1219   0.01905     0.182       564       640      0.28    0.7339    0.5676    0.3404    0.0325    0.1423   0.01563
    89/299     10.1G   0.04101    0.1206     0.019    0.1806       544       640    0.2989    0.6958    0.5742    0.3427   0.03262    0.1324   0.01527
    90/299     10.1G   0.04094    0.1213    0.0186    0.1808       594       640    0.2904    0.7468    0.5836     0.351     0.032    0.1326   0.01507
    91/299     10.1G   0.04123    0.1222   0.01883    0.1822       609       640    0.2929    0.7504    0.5873    0.3611   0.03168     0.136   0.01491
    92/299     10.1G   0.04131    0.1194   0.01872    0.1794       631       640    0.2982    0.7124     0.572    0.3472   0.03164    0.1347   0.01574
    93/299     10.1G   0.04109    0.1218   0.01847    0.1814       549       640    0.2888    0.7301    0.5908    0.3552   0.03258    0.1354   0.01477
    94/299     10.1G   0.04116    0.1227   0.01842    0.1822       517       640    0.3178    0.7254    0.5947     0.365   0.03161      0.13   0.01462
    95/299     10.1G   0.04021    0.1211   0.01827    0.1796       512       640    0.3101    0.7178    0.5856     0.357   0.03194    0.1316   0.01496
    96/299     10.1G   0.04055    0.1189    0.0183    0.1778       599       640    0.3047      0.72    0.5863    0.3568   0.03217    0.1341   0.01489
    97/299     10.1G   0.04032    0.1165   0.01801    0.1748       518       640    0.3493    0.7073    0.6042    0.3743   0.03134    0.1303   0.01443
    98/299     10.1G   0.04038    0.1179   0.01816    0.1764       586       640    0.2999    0.7354    0.6043    0.3735   0.03105    0.1304   0.01408
    99/299     10.1G   0.04073    0.1198   0.01753     0.178       649       640    0.3088     0.736    0.6061    0.3717   0.03159     0.132   0.01438
   100/299     10.1G   0.03984    0.1176   0.01759     0.175       682       640    0.3078    0.7516    0.6153    0.3801    0.0316    0.1324    0.0136
   101/299     10.1G   0.04083    0.1193   0.01757    0.1777       565       640     0.331      0.73      0.61     0.376   0.03134    0.1301   0.01367
   102/299     10.1G   0.04053    0.1196   0.01771    0.1778       568       640    0.3184    0.7584    0.6199    0.3815   0.03127     0.134   0.01366
   103/299     10.1G   0.04015    0.1178    0.0171     0.175       571       640    0.3458    0.7414    0.6176    0.3864   0.03077    0.1273   0.01319
   104/299     10.1G   0.04056    0.1168    0.0174    0.1748       612       640    0.3452    0.7356    0.6203    0.3869   0.03059    0.1283    0.0133
   105/299     10.1G   0.04003    0.1168   0.01715     0.174       609       640    0.3186    0.7472    0.6279    0.3922   0.03085    0.1278   0.01338
   106/299     10.1G   0.04035     0.118   0.01708    0.1754       633       640    0.3083    0.7331    0.6177    0.3779   0.03112    0.1281   0.01369
   107/299     10.1G   0.04001    0.1181   0.01682    0.1749       497       640    0.3148    0.7456    0.6221    0.3907   0.03095    0.1298   0.01309
   108/299     10.1G   0.04021     0.117   0.01699    0.1742       533       640     0.294    0.7325    0.6196     0.383   0.03118    0.1308   0.01391
   109/299     10.1G   0.04007    0.1168   0.01665    0.1735       588       640    0.3188    0.7614     0.632    0.3949   0.03066    0.1283   0.01283
   110/299     10.1G   0.04069    0.1166   0.01704    0.1743       603       640    0.3185    0.7711    0.6348    0.3924   0.03123    0.1322   0.01295
   111/299     10.1G    0.0406    0.1152   0.01658    0.1724       532       640    0.3415    0.7557    0.6355    0.3988   0.03065    0.1286   0.01263
   112/299     10.1G   0.03969    0.1173   0.01665    0.1736       602       640    0.3491    0.7676    0.6465    0.4056    0.0303    0.1277   0.01241
   113/299     10.1G   0.03957    0.1153   0.01663    0.1715       549       640    0.3248    0.7563    0.6418     0.401   0.03098    0.1297    0.0123
   114/299     10.1G   0.04009    0.1153   0.01655    0.1719       524       640     0.318    0.7635    0.6505    0.4108   0.03075    0.1323   0.01235
   115/299     10.1G   0.03924    0.1175   0.01636    0.1731       576       640    0.3094    0.7658    0.6472    0.3995   0.03102    0.1316   0.01262
   116/299     10.1G   0.03969    0.1161   0.01623     0.172       550       640    0.3501    0.7596    0.6462    0.4085   0.03012    0.1265   0.01236
   117/299     10.1G   0.03947    0.1165   0.01595    0.1719       636       640    0.3198    0.7965    0.6399    0.3979   0.03055    0.1292   0.01252
   118/299     10.1G   0.03926    0.1162   0.01592    0.1714       622       640    0.3497     0.754    0.6573    0.4174   0.03013    0.1273   0.01211
   119/299     10.1G   0.03966    0.1169   0.01611    0.1727       635       640    0.3684    0.7458     0.658    0.4185   0.02986    0.1263   0.01202
   120/299     10.1G   0.03888    0.1138   0.01616    0.1689       650       640    0.3441    0.7693    0.6556    0.4139   0.03045    0.1285   0.01188
   121/299     10.1G   0.03891    0.1145   0.01602    0.1694       526       640    0.3336    0.7815    0.6624    0.4235   0.03005    0.1289   0.01176
   122/299     10.1G   0.03911     0.116   0.01603    0.1711       688       640    0.3248    0.7916    0.6634    0.4164   0.03047     0.128   0.01192
   123/299     10.1G   0.03865    0.1125   0.01579    0.1669       537       640     0.336    0.7849    0.6631     0.425   0.02978    0.1262   0.01196
   124/299     10.1G   0.03932    0.1166   0.01561    0.1715       625       640    0.3187     0.779    0.6651    0.4223   0.02965    0.1272   0.01159
   125/299     10.1G   0.03805    0.1144   0.01541    0.1678       537       640    0.3781    0.7793    0.6686    0.4289   0.02948    0.1244   0.01151
   126/299     10.1G   0.03861    0.1128   0.01572    0.1671       556       640    0.3482    0.7569    0.6651    0.4241   0.02959    0.1249   0.01137
   127/299     10.1G   0.03893    0.1135   0.01544    0.1679       498       640    0.3737    0.7718    0.6761    0.4301   0.02994    0.1268   0.01132
   128/299     10.1G   0.03849    0.1124   0.01537    0.1662       501       640    0.3489    0.7797    0.6689    0.4241   0.02977    0.1275    0.0114
   129/299     10.1G   0.03897    0.1136   0.01524    0.1678       665       640    0.3667    0.7989    0.6794    0.4334   0.02974    0.1261   0.01132
   130/299     10.1G   0.03828     0.112   0.01559    0.1658       532       640    0.3635     0.767    0.6619     0.429   0.02959    0.1248   0.01151
   131/299     10.1G   0.03848    0.1106   0.01524    0.1643       533       640    0.3879    0.7558      0.67    0.4342   0.02933     0.124   0.01106
   132/299     10.1G   0.03824    0.1167   0.01485    0.1698       578       640     0.376    0.7894     0.687    0.4423   0.02912    0.1234   0.01085
   133/299     10.1G   0.03825    0.1141   0.01501    0.1673       524       640    0.3623    0.8153    0.6912    0.4443    0.0293    0.1273   0.01072
   134/299     10.1G   0.03794    0.1161   0.01478    0.1688       565       640    0.3657    0.7968    0.6909    0.4475    0.0291    0.1244   0.01074
   135/299     10.1G   0.03838    0.1138   0.01502    0.1672       552       640    0.3295    0.7969    0.6916    0.4415   0.02948    0.1297   0.01063
   136/299     10.1G   0.03838    0.1119   0.01487    0.1651       503       640    0.3703    0.8044    0.7063    0.4516   0.02915    0.1249   0.01039
   137/299     10.1G   0.03754    0.1128   0.01493    0.1652       648       640    0.3807    0.8044    0.6973    0.4484   0.02899    0.1239   0.01054
   138/299     10.1G   0.03755     0.113   0.01457    0.1651       581       640    0.3721    0.8203    0.7026    0.4517   0.02881    0.1238   0.01021
   139/299     10.1G    0.0385    0.1143   0.01478    0.1676       586       640    0.3552    0.8282    0.7038    0.4536   0.02903    0.1249   0.01027
   140/299     10.1G   0.03792    0.1145   0.01447    0.1669       614       640    0.3826    0.8175    0.7098    0.4548   0.02904     0.123   0.01047
   141/299     10.1G   0.03767    0.1136   0.01469    0.1659       545       640    0.3837    0.8117    0.7041    0.4522    0.0289    0.1223   0.01045
   142/299     10.1G   0.03723    0.1131   0.01419    0.1645       490       640    0.3872    0.8153    0.7042     0.456   0.02867    0.1216  0.009993
   143/299     10.1G    0.0382     0.115   0.01401    0.1672       547       640    0.3853    0.8092    0.7102    0.4647   0.02866    0.1225  0.009939
   144/299     10.1G   0.03753    0.1147   0.01397    0.1662       487       640    0.3662    0.8063    0.7099    0.4636   0.02889    0.1228  0.009825
   145/299     10.1G   0.03778    0.1135   0.01428    0.1656       621       640    0.4101     0.811    0.7159    0.4611   0.02902    0.1225   0.01016
   146/299     10.1G   0.03748    0.1104   0.01425    0.1621       516       640    0.4086    0.8269    0.7188     0.463   0.02848    0.1223  0.009981
   147/299     10.1G   0.03727    0.1116   0.01402    0.1629       562       640    0.3865    0.8127    0.7169    0.4701   0.02875    0.1226  0.009788
   148/299     10.1G    0.0368    0.1158   0.01358    0.1662       483       640    0.3932    0.8331    0.7303    0.4736   0.02841     0.122  0.009563
   149/299     10.1G   0.03776    0.1113   0.01411    0.1632       549       640    0.3876    0.8261    0.7235    0.4681   0.02861    0.1229  0.009734
   150/299     10.1G   0.03754    0.1098   0.01417    0.1615       579       640    0.3716    0.8358    0.7254    0.4728   0.02869    0.1241  0.009769
   151/299     10.1G   0.03683    0.1118   0.01373    0.1624       617       640    0.3832    0.8484    0.7233    0.4669   0.02889    0.1229  0.009753
   152/299     10.1G   0.03747    0.1067   0.01371    0.1579       635       640    0.4209    0.8044    0.7262    0.4749   0.02825    0.1208  0.009556
   153/299     10.1G   0.03697    0.1134   0.01382    0.1642       588       640    0.4329    0.8097    0.7317    0.4771   0.02829    0.1214  0.009393
   154/299     10.1G   0.03775    0.1104   0.01389     0.162       591       640    0.4259    0.8181    0.7424    0.4865   0.02806    0.1204  0.009363
   155/299     10.1G   0.03669    0.1109   0.01345     0.161       600       640    0.4014    0.8193    0.7354    0.4802   0.02845    0.1214  0.009022
   156/299     10.1G   0.03731    0.1106   0.01344    0.1613       617       640    0.4302    0.8395    0.7395    0.4867   0.02794    0.1195  0.008981
   157/299     10.1G   0.03728    0.1122   0.01347    0.1629       527       640    0.4284    0.8253    0.7544    0.4977   0.02807    0.1203  0.008912
   158/299     10.1G   0.03674    0.1099   0.01326    0.1599       433       640    0.4248    0.8546    0.7562    0.4963    0.0282    0.1204  0.008765
   159/299     10.1G   0.03681    0.1112   0.01345    0.1615       610       640     0.425    0.8459    0.7515    0.4961   0.02786    0.1188  0.008648
   160/299     10.1G   0.03669    0.1074   0.01343    0.1575       595       640     0.376    0.8505    0.7485    0.4854    0.0285    0.1244  0.008927
   161/299     10.1G   0.03697    0.1125   0.01343    0.1629       587       640    0.4064    0.8269    0.7486    0.4965   0.02798    0.1195  0.008774
   162/299     10.1G   0.03714    0.1097   0.01319    0.1601       557       640    0.4117    0.8534    0.7575    0.4998   0.02791    0.1204  0.008756
   163/299     10.1G   0.03671    0.1103   0.01321    0.1602       523       640    0.4531    0.8371    0.7584    0.5033   0.02778    0.1178  0.008588
   164/299     10.1G   0.03725    0.1095   0.01319    0.1599       588       640    0.4314    0.8292    0.7554    0.5016   0.02786     0.119  0.008648
   165/299     10.1G   0.03662    0.1096   0.01309    0.1593       575       640    0.4176    0.8527     0.764    0.5044   0.02796    0.1204  0.008507
   166/299     10.1G   0.03682    0.1134   0.01327    0.1635       687       640    0.4156    0.8304      0.76    0.5041   0.02767    0.1189  0.008632
   167/299     10.1G   0.03642    0.1101   0.01284    0.1593       576       640    0.4476    0.8463    0.7688    0.5116    0.0277    0.1177  0.008498
   168/299     10.1G   0.03638    0.1109   0.01253    0.1599       647       640    0.4359    0.8325     0.767    0.5126    0.0277    0.1181  0.008273
   169/299     10.1G   0.03641    0.1064   0.01305    0.1558       511       640    0.4225    0.8591    0.7766    0.5164   0.02748    0.1188  0.008127
   170/299     10.1G   0.03653    0.1101   0.01298    0.1596       636       640    0.4085    0.8669    0.7733     0.517   0.02755     0.119  0.008143
   171/299     10.1G   0.03654    0.1091   0.01276    0.1584       617       640    0.4123    0.8621    0.7761    0.5145   0.02761    0.1185  0.008181
   172/299     10.1G   0.03661    0.1081   0.01263    0.1573       538       640     0.428    0.8494    0.7775    0.5142   0.02777    0.1191  0.008127
   173/299     10.1G   0.03621    0.1091   0.01278    0.1581       506       640    0.4287    0.8645    0.7752    0.5143   0.02755    0.1183  0.008124
   174/299     10.1G    0.0362    0.1085   0.01283    0.1575       548       640    0.4484    0.8624    0.7834    0.5213   0.02741    0.1167  0.008127
   175/299     10.1G   0.03689    0.1059   0.01255    0.1553       577       640    0.4372    0.8578    0.7786    0.5162   0.02754    0.1173  0.007992
   176/299     10.1G   0.03592    0.1082    0.0126    0.1567       614       640    0.4317    0.8634    0.7915    0.5236    0.0276    0.1197  0.008131
   177/299     10.1G   0.03641    0.1078   0.01281     0.157       580       640    0.4249    0.8824    0.7959    0.5304   0.02738    0.1176  0.008055
   178/299     10.1G    0.0363    0.1067   0.01265    0.1557       606       640    0.4396    0.8822    0.7979     0.531   0.02731    0.1174  0.007775
   179/299     10.1G   0.03612    0.1101   0.01243    0.1586       616       640    0.4408    0.8726    0.7989    0.5325   0.02751    0.1164  0.007752
   180/299     10.1G   0.03638    0.1078   0.01248    0.1567       656       640    0.4276    0.8744    0.8015    0.5335   0.02742     0.118  0.007818
   181/299     10.1G   0.03574    0.1074   0.01225    0.1554       475       640    0.4461    0.8771    0.8121    0.5427   0.02746    0.1162   0.00757
   182/299     10.1G   0.03613    0.1062   0.01234    0.1546       561       640    0.4411    0.8546    0.8025    0.5364   0.02738    0.1148  0.007496
   183/299     10.1G   0.03582     0.107   0.01194    0.1547       558       640    0.4135    0.8709    0.7968     0.531   0.02724    0.1157  0.007631
   184/299     10.1G   0.03566    0.1079   0.01216    0.1557       574       640    0.4286    0.8798    0.7971    0.5324   0.02738    0.1173  0.007476
   185/299     10.1G    0.0359    0.1072   0.01206    0.1552       583       640    0.4255    0.8934    0.8094     0.541   0.02734    0.1179  0.007468
   186/299     10.1G   0.03625    0.1076   0.01213    0.1559       532       640    0.4342    0.8815    0.8083     0.539   0.02715    0.1183  0.007513
   187/299     10.1G   0.03577    0.1085    0.0121    0.1563       489       640    0.4508    0.8877    0.8055    0.5417   0.02711    0.1172  0.007299
   188/299     10.1G   0.03562    0.1065   0.01195    0.1541       538       640    0.4613    0.8923    0.8188    0.5532   0.02692    0.1158  0.007137
   189/299     10.1G   0.03569    0.1074   0.01216    0.1552       543       640    0.4488     0.884    0.8217    0.5506   0.02704    0.1153  0.007211
   190/299     10.1G   0.03547    0.1063   0.01172    0.1535       544       640    0.4466    0.8848    0.8234    0.5528    0.0268    0.1153  0.007178
   191/299     10.1G   0.03568    0.1057   0.01198    0.1533       491       640    0.4856    0.8756    0.8129     0.552   0.02682    0.1132  0.007131
   192/299     10.1G   0.03542    0.1074   0.01179    0.1546       600       640    0.4705    0.8934    0.8231    0.5509   0.02698    0.1151  0.007048
   193/299     10.1G     0.036    0.1091   0.01179    0.1569       715       640    0.4436    0.8917    0.8298    0.5553   0.02689    0.1159  0.007218
   194/299     10.1G   0.03507    0.1073   0.01162     0.154       528       640    0.4227    0.9128    0.8296    0.5525   0.02713    0.1172  0.007114
   195/299     10.1G    0.0359    0.1053   0.01173     0.153       529       640    0.4421    0.9005    0.8305    0.5568   0.02689    0.1145  0.007047
   196/299     10.1G   0.03561    0.1066   0.01149    0.1537       502       640    0.4613    0.8982    0.8287    0.5557   0.02669    0.1151  0.006958
   197/299     10.1G   0.03517    0.1065   0.01183    0.1535       537       640    0.4585    0.8972    0.8232    0.5546   0.02661     0.114  0.006955
   198/299     10.1G   0.03535    0.1061   0.01184    0.1533       538       640    0.4494    0.9029    0.8297    0.5578   0.02658    0.1147  0.006896
   199/299     10.1G   0.03582    0.1075   0.01188    0.1552       589       640     0.476    0.8822    0.8238    0.5586   0.02655    0.1142  0.006893
   200/299     10.1G    0.0351    0.1061   0.01154    0.1527       536       640      0.48    0.8884    0.8333    0.5646   0.02668     0.114  0.006723
   201/299     10.1G   0.03522    0.1052   0.01144    0.1519       534       640    0.4379    0.9079    0.8347    0.5618   0.02679    0.1166  0.006685
   202/299     10.1G   0.03557    0.1069   0.01162    0.1541       534       640    0.4378    0.9039    0.8259    0.5601   0.02673    0.1162  0.006658
   203/299     10.1G   0.03476     0.105   0.01149    0.1513       557       640    0.4586    0.9151    0.8429    0.5666   0.02669    0.1145  0.006629
   204/299     10.1G   0.03556    0.1057   0.01152    0.1528       596       640    0.4737    0.9061    0.8396    0.5672   0.02655    0.1127  0.006426
   205/299     10.1G   0.03499    0.1039   0.01145    0.1503       553       640     0.454    0.8992    0.8401    0.5682   0.02653    0.1143  0.006409
   206/299     10.1G   0.03581    0.1022   0.01184    0.1498       681       640    0.4504    0.9003     0.842    0.5693   0.02644    0.1138   0.00642
   207/299     10.1G   0.03497    0.1055   0.01125    0.1517       640       640    0.4515    0.9159    0.8495    0.5752   0.02647    0.1153  0.006393
   208/299     10.1G   0.03501    0.1068   0.01119     0.153       623       640     0.455    0.9038    0.8463    0.5751   0.02644    0.1142  0.006354
   209/299     10.1G   0.03517    0.1069     0.011    0.1531       634       640    0.4758    0.9016     0.843    0.5748    0.0262    0.1116  0.006342
   210/299     10.1G   0.03507    0.1049   0.01125    0.1513       551       640    0.4698    0.9208     0.847    0.5754   0.02637    0.1132   0.00633
   211/299     10.1G   0.03531    0.1038    0.0114    0.1505       597       640    0.4609    0.8985    0.8345     0.572   0.02633    0.1136  0.006314
   212/299     10.1G   0.03507    0.1037   0.01119      0.15       669       640    0.4412    0.9153    0.8468    0.5751   0.02629    0.1139  0.006174
   213/299     10.1G   0.03455    0.1064   0.01083    0.1518       590       640     0.459    0.9335    0.8542    0.5813    0.0261    0.1137  0.006104
   214/299     10.1G   0.03538     0.106   0.01122    0.1526       644       640    0.4868    0.9165    0.8602    0.5859   0.02605    0.1121  0.006088
   215/299     10.1G   0.03531    0.1041   0.01107    0.1505       491       640    0.4726    0.9089    0.8532    0.5836   0.02607    0.1114  0.006141
   216/299     10.1G   0.03514    0.1038   0.01114    0.1501       581       640    0.4595    0.9225    0.8569    0.5813   0.02624    0.1132  0.006028
   217/299     10.1G   0.03461    0.1034   0.01074    0.1487       572       640    0.4819     0.926    0.8595    0.5862   0.02609     0.112  0.006044
   218/299     10.1G   0.03482     0.105   0.01091    0.1508       600       640    0.4865    0.9067    0.8568    0.5864   0.02605    0.1111  0.006072
   219/299     10.1G   0.03487    0.1051   0.01102     0.151       553       640    0.4734    0.9108    0.8543    0.5837   0.02615    0.1117  0.005987
   220/299     10.1G   0.03455    0.1037    0.0108    0.1491       604       640     0.476    0.9142    0.8538    0.5854   0.02616    0.1124  0.005984
   221/299     10.1G   0.03469    0.1025   0.01057    0.1478       565       640    0.4569    0.9179    0.8534    0.5824   0.02613    0.1129  0.005937
   222/299     10.1G   0.03491    0.1042   0.01102    0.1502       578       640    0.4541    0.9219     0.853    0.5834   0.02622    0.1129  0.005852
   223/299     10.1G   0.03472    0.1028   0.01073    0.1483       603       640    0.4583    0.9126    0.8574    0.5874   0.02611    0.1128  0.005843
   224/299     10.1G    0.0344    0.1035   0.01062    0.1485       568       640    0.4777    0.9194    0.8612    0.5922   0.02597    0.1106   0.00583
   225/299     10.1G   0.03489    0.1031   0.01091    0.1489       616       640    0.4694    0.9257    0.8615    0.5918   0.02581    0.1112  0.005802
   226/299     10.1G   0.03423    0.1027   0.01041    0.1473       604       640    0.4683    0.9248    0.8633    0.5926   0.02578    0.1114  0.005781
   227/299     10.1G   0.03462    0.1054   0.01061    0.1507       622       640    0.4678    0.9267    0.8646    0.5917   0.02598    0.1115   0.00581
   228/299     10.1G    0.0348     0.105   0.01064    0.1504       619       640    0.4776    0.9272    0.8654    0.5928   0.02594    0.1117  0.005715
   229/299     10.1G   0.03451    0.1029   0.01075    0.1482       622       640    0.4723    0.9316     0.866    0.5906   0.02594    0.1115  0.005792
   230/299     10.1G   0.03446    0.1028   0.01054    0.1478       575       640     0.483    0.9245    0.8681    0.5953   0.02578    0.1109  0.005771
   231/299     10.1G   0.03427     0.102   0.01044    0.1468       497       640    0.4704    0.9267    0.8684    0.5978   0.02575    0.1112  0.005678
   232/299     10.1G   0.03471    0.1016   0.01045    0.1468       697       640    0.4887    0.9175    0.8658    0.6002   0.02566    0.1091  0.005611
   233/299     10.1G   0.03433    0.1017   0.01064    0.1466       629       640    0.4867    0.9215    0.8692    0.5998   0.02567    0.1102  0.005581
   234/299     10.1G   0.03462    0.1034   0.01029    0.1483       630       640    0.4853    0.9175    0.8643    0.5957   0.02574    0.1101  0.005582
   235/299     10.1G   0.03402    0.1035   0.01042     0.148       583       640    0.4882    0.9166    0.8688    0.6011   0.02556      0.11  0.005496
   236/299     10.1G   0.03446    0.1031   0.01042     0.148       639       640     0.481    0.9179    0.8712    0.6022   0.02566    0.1107  0.005552
   237/299     10.1G   0.03455    0.1045   0.01047    0.1495       620       640    0.4886    0.9171    0.8715    0.5998   0.02577    0.1106  0.005577
   238/299     10.1G   0.03422    0.1002   0.01034    0.1448       540       640    0.4848    0.9164    0.8726    0.5976   0.02589    0.1104  0.005495
   239/299     10.1G   0.03391    0.1055    0.0103    0.1497       590       640    0.4949    0.9188    0.8733    0.6032   0.02564    0.1094  0.005406
   240/299     10.1G   0.03456    0.1009   0.01064    0.1461       615       640    0.4774    0.9283    0.8715     0.599   0.02574    0.1106   0.00541
   241/299     10.1G   0.03393    0.1001   0.01033    0.1443       579       640    0.4731    0.9206    0.8706    0.5975    0.0257    0.1095  0.005383
   242/299     10.1G   0.03408    0.1019   0.01003     0.146       608       640    0.4945    0.9127     0.873    0.6029   0.02555    0.1084  0.005467
   243/299     10.1G   0.03412     0.101   0.01029    0.1454       538       640    0.4728    0.9193    0.8738    0.6021   0.02563    0.1095  0.005364
   244/299     10.1G   0.03432    0.1016  0.009973    0.1459       668       640    0.4897    0.9263    0.8772     0.605   0.02568     0.109  0.005321
   245/299     10.1G    0.0342     0.101   0.01022    0.1454       545       640    0.4917    0.9254    0.8735    0.6046   0.02548    0.1086  0.005293
   246/299     10.1G   0.03512    0.0976   0.01067    0.1434       587       640    0.4827    0.9208    0.8771    0.6086    0.0254    0.1094  0.005269
   247/299     10.1G   0.03374     0.102   0.00998    0.1457       576       640    0.4806    0.9267    0.8777     0.609   0.02538    0.1093  0.005283
   248/299     10.1G   0.03441    0.1005   0.01021    0.1451       525       640    0.4752    0.9415    0.8827    0.6095   0.02543    0.1094  0.005267
   249/299     10.1G   0.03386    0.1021  0.009871    0.1459       641       640    0.4747    0.9371    0.8812    0.6081   0.02554    0.1097  0.005237
   250/299     10.1G   0.03421    0.1009   0.01004    0.1452       502       640    0.4831    0.9205    0.8797    0.6123   0.02535    0.1088  0.005265
   251/299     10.1G   0.03412    0.1007   0.01005    0.1449       608       640    0.4882    0.9213    0.8776    0.6092   0.02544    0.1086  0.005245
   252/299     10.1G   0.03392    0.1019  0.009994    0.1458       509       640      0.49    0.9243    0.8789    0.6098   0.02539    0.1084  0.005136
   253/299     10.1G   0.03442   0.09856   0.01026    0.1432       597       640    0.4945     0.922     0.881    0.6122   0.02536    0.1088   0.00511
   254/299     10.1G   0.03399     0.102   0.01001     0.146       638       640    0.4791    0.9262    0.8788     0.608   0.02543    0.1093  0.005094
   255/299     10.1G    0.0339    0.1014  0.009666    0.1449       592       640    0.4873    0.9318     0.882    0.6121    0.0254    0.1089  0.005055
   256/299     10.1G   0.03419    0.1003   0.01019    0.1447       638       640    0.4856     0.929    0.8799    0.6124    0.0253    0.1086  0.005045
   257/299     10.1G   0.03446    0.1016  0.009947     0.146       565       640    0.4913    0.9277    0.8774    0.6125   0.02523     0.108  0.005065
   258/299     10.1G   0.03386    0.1012   0.00987    0.1449       594       640    0.4856    0.9358    0.8796    0.6123   0.02538    0.1088  0.004994
   259/299     10.1G   0.03399   0.09927  0.009853    0.1431       612       640    0.4928    0.9323    0.8828     0.613   0.02533    0.1082   0.00503
   260/299     10.1G   0.03347   0.09967  0.009722    0.1429       528       640    0.4996    0.9296    0.8837    0.6154   0.02525    0.1077  0.005021
   261/299     10.1G   0.03368    0.1001  0.009618    0.1434       592       640    0.4985    0.9298    0.8839    0.6157   0.02522    0.1075  0.004986
   262/299     10.1G   0.03406    0.1009   0.01027    0.1452       620       640    0.4995    0.9342    0.8852    0.6146   0.02528    0.1078   0.00501
   263/299     10.1G   0.03352    0.1017   0.00962    0.1448       492       640    0.4949    0.9333    0.8834    0.6113   0.02533    0.1083  0.004962
   264/299     10.1G   0.03354   0.09859  0.009665    0.1418       640       640     0.479    0.9369    0.8836    0.6104   0.02539    0.1095  0.004948
   265/299     10.1G   0.03347   0.09906  0.009829    0.1424       546       640    0.4894    0.9409    0.8852     0.612   0.02531    0.1085  0.004907
   266/299     10.1G   0.03344   0.09998  0.009758    0.1432       599       640    0.4904    0.9353    0.8857     0.613   0.02533    0.1086  0.004899
   267/299     10.1G   0.03359   0.09921   0.00951    0.1423       648       640    0.4907    0.9341     0.885    0.6137    0.0253    0.1083  0.004885
   268/299     10.1G   0.03374    0.1006  0.009639    0.1439       607       640    0.4933     0.937    0.8848    0.6156   0.02519    0.1074  0.004862
   269/299     10.1G   0.03347     0.102  0.009633    0.1451       575       640    0.4976    0.9383    0.8859    0.6172   0.02517    0.1073  0.004828
   270/299     10.1G   0.03373     0.101  0.009703    0.1445       526       640    0.4998    0.9338    0.8882    0.6182   0.02513    0.1068  0.004775
   271/299     10.1G   0.03378    0.0992  0.009686    0.1427       684       640     0.502    0.9401    0.8875     0.618   0.02509     0.107  0.004747
   272/299     10.1G   0.03384   0.09894  0.009746    0.1425       561       640    0.5135    0.9395    0.8859    0.6176   0.02502    0.1065  0.004772
   273/299     10.1G   0.03372   0.09909  0.009805    0.1426       679       640    0.5083    0.9336    0.8876    0.6185   0.02505    0.1068  0.004759
   274/299     10.1G    0.0336   0.09897  0.009763    0.1423       580       640    0.5077    0.9357    0.8908    0.6209   0.02506    0.1072  0.004771
   275/299     10.1G   0.03391   0.09815  0.009652    0.1417       670       640    0.5049    0.9337    0.8905    0.6221     0.025    0.1074  0.004797
   276/299     10.1G    0.0333   0.09892   0.00942    0.1416       651       640    0.4962    0.9361    0.8899    0.6191   0.02499    0.1074  0.004778
   277/299     10.1G   0.03337    0.1006  0.009276    0.1432       542       640    0.4992    0.9435    0.8913    0.6202   0.02497    0.1075  0.004722
   278/299     10.1G   0.03268    0.1014  0.009334    0.1434       510       640    0.5075    0.9461    0.8922    0.6193   0.02491     0.107  0.004705
   279/299     10.1G   0.03365   0.09917  0.009567    0.1424       574       640    0.5012    0.9432    0.8914    0.6184   0.02494    0.1068  0.004668
   280/299     10.1G   0.03348   0.09879  0.009493    0.1418       563       640    0.5081    0.9411    0.8884    0.6182   0.02494    0.1062  0.004639
   281/299     10.1G   0.03373    0.1016    0.0097     0.145       534       640    0.5029    0.9381    0.8871    0.6179     0.025    0.1065  0.004627
   282/299     10.1G   0.03345   0.09748  0.009695    0.1406       654       640    0.4897    0.9405    0.8908    0.6195   0.02504    0.1073  0.004615
   283/299     10.1G    0.0331    0.1023  0.009499    0.1449       570       640    0.4944    0.9393    0.8915    0.6215   0.02504    0.1069  0.004607
   284/299     10.1G   0.03388    0.0964   0.00956    0.1398       613       640    0.5077    0.9401     0.891    0.6226   0.02494    0.1063   0.00459
   285/299     10.1G   0.03347    0.1005  0.009383    0.1434       578       640    0.4916     0.942    0.8929    0.6248    0.0249     0.107  0.004554
   286/299     10.1G   0.03283    0.1007  0.009014    0.1425       614       640    0.4857    0.9463    0.8938    0.6243   0.02492    0.1077  0.004537
   287/299     10.1G   0.03355   0.09781   0.00949    0.1409       653       640    0.4867    0.9416    0.8927    0.6209   0.02496    0.1078  0.004546
   288/299     10.1G   0.03308   0.09682  0.009613    0.1395       535       640    0.5004    0.9407    0.8908    0.6236    0.0249    0.1065  0.004546
   289/299     10.1G   0.03343   0.09901  0.009382    0.1418       626       640     0.503    0.9403    0.8927    0.6234   0.02488    0.1062  0.004585
   290/299     10.1G   0.03339    0.1004  0.009318    0.1431       539       640    0.5009     0.939    0.8934    0.6244   0.02486    0.1063  0.004553
   291/299     10.1G   0.03306    0.1007   0.00943    0.1432       615       640    0.4935    0.9363    0.8921    0.6232   0.02497    0.1068  0.004528
   292/299     10.1G   0.03337    0.1016  0.009414    0.1444       609       640    0.4974    0.9344    0.8916    0.6226   0.02492    0.1067  0.004548
   293/299     10.1G   0.03343   0.09805  0.009226    0.1407       583       640    0.4908    0.9386    0.8931    0.6242   0.02493     0.107  0.004525
   294/299     10.1G   0.03281   0.09994   0.00909    0.1418       559       640    0.4938    0.9342    0.8904    0.6243    0.0249    0.1067  0.004508
   295/299     10.1G   0.03303   0.09733  0.009169    0.1395       556       640    0.5054    0.9356    0.8905    0.6251   0.02484    0.1058  0.004487
   296/299     10.1G   0.03312   0.09982  0.009253    0.1422       418       640    0.5124    0.9389    0.8921    0.6272   0.02471    0.1055  0.004479
   297/299     10.1G   0.03296     0.102  0.009275    0.1443       567       640     0.519    0.9434    0.8935    0.6285   0.02466    0.1053  0.004493
   298/299     10.1G    0.0332   0.09683  0.009297    0.1393       551       640    0.5155    0.9438    0.8955    0.6277   0.02474    0.1055   0.00443
   299/299     10.1G   0.03301    0.0974  0.009341    0.1397       560       640     0.503    0.9389    0.8948    0.6267   0.02473     0.106  0.004416
