     0/149     3.01G   0.03285    0.1044    0.0168     0.154       259       640         0         0         0         0         0         0         0
     1/149     7.28G   0.03321    0.1061   0.01632    0.1556       341       640         0         0         0         0         0         0         0
     2/149     7.28G   0.03335    0.1054    0.0164    0.1552       325       640         0         0         0         0         0         0         0
     3/149     7.28G   0.03383    0.1082   0.01628    0.1583       336       640    0.3829    0.8258    0.7004    0.4553   0.02695    0.1007   0.01121
     4/149     7.32G   0.03605    0.1068   0.01603    0.1588       314       640    0.3671     0.817    0.6972    0.4475   0.02793   0.09779   0.01115
     5/149     7.32G   0.03639    0.1066   0.01598    0.1589       306       640    0.3554     0.836    0.7013    0.4397   0.02834   0.09999   0.01123
     6/149     7.32G   0.03709    0.1114   0.01588    0.1643       317       640    0.3296    0.8344    0.6993    0.4374   0.02847    0.1042   0.01097
     7/149     7.32G   0.03771    0.1093   0.01613    0.1632       327       640    0.3363    0.8579    0.7026    0.4344   0.02936    0.1059   0.01106
     8/149     7.32G   0.03787     0.109   0.01633    0.1632       323       640    0.3578    0.8302    0.7029    0.4449   0.02766   0.09932   0.01114
     9/149     7.32G   0.03741    0.1082   0.01646    0.1621       299       640    0.3631     0.834     0.694    0.4403   0.02816    0.1007    0.0112
    10/149     7.32G   0.03827    0.1096   0.01616     0.164       295       640     0.349    0.8343    0.6987    0.4177   0.03109    0.1019   0.01121
    11/149     7.33G   0.03771    0.1066   0.01622    0.1606       318       640    0.3514    0.8382    0.6942    0.4479    0.0277    0.1012   0.01145
    12/149     7.33G   0.03773    0.1092   0.01647    0.1634       310       640    0.3466    0.8473    0.7098    0.4327   0.02963    0.1036   0.01136
    13/149     7.33G   0.03704    0.1075   0.01653    0.1611       350       640    0.3437    0.8444    0.6934    0.4435   0.02768    0.1009   0.01134
    14/149     7.33G    0.0384    0.1101   0.01655    0.1651       280       640     0.368     0.823    0.6966    0.3975   0.03206    0.1002   0.01167
    15/149     7.33G   0.03872    0.1102   0.01671    0.1657       306       640    0.3492    0.8221    0.6815    0.4243   0.02859    0.1008    0.0118
    16/149     7.33G   0.03721    0.1077   0.01684    0.1617       277       640    0.3361     0.847    0.6864    0.4039   0.03053    0.1045   0.01159
    17/149     7.33G   0.03891    0.1058   0.01656    0.1613       341       640    0.3376    0.8459    0.6897     0.446   0.02732    0.1017   0.01143
    18/149     7.33G   0.03696    0.1071   0.01733    0.1614       253       640     0.361    0.8299    0.6946    0.4375   0.02827    0.1014   0.01145
    19/149     7.33G   0.03749    0.1081   0.01655    0.1622       336       640    0.3576    0.8341    0.6945    0.4446   0.02726    0.1033   0.01144
    20/149     7.33G   0.03777    0.1087   0.01659     0.163       304       640    0.4729    0.7753    0.6819    0.4194   0.02967   0.09936   0.01213
    21/149     7.33G   0.03871    0.1094   0.01678    0.1649       291       640    0.3079    0.8458    0.6751    0.4197   0.02897    0.1084   0.01172
    22/149     7.33G   0.03949    0.1097   0.01679     0.166       282       640    0.3506    0.8159    0.6876    0.4191    0.0295    0.1018     0.012
    23/149     7.33G    0.0378    0.1074   0.01697    0.1622       331       640    0.3431    0.8117    0.6754    0.4026    0.0308    0.1037   0.01195
    24/149     7.33G   0.04012    0.1077   0.01723    0.1651       237       640    0.3828    0.7652    0.6773     0.336   0.03762    0.1012   0.01225
    25/149     7.33G   0.03965    0.1102   0.01682    0.1667       325       640    0.3078    0.8283    0.6652    0.4177   0.02927    0.1135    0.0129
    26/149     7.33G   0.03978    0.1106   0.01736    0.1678       304       640    0.3656    0.8393    0.6918    0.4214   0.02838    0.1049   0.01207
    27/149     7.33G   0.03868    0.1086   0.01746    0.1647       321       640    0.3636    0.8323    0.6926     0.431   0.02851    0.1006    0.0117
    28/149     7.33G   0.03987    0.1085   0.01693    0.1653       264       640    0.3792    0.7845    0.6764    0.4188   0.02932    0.1006   0.01205
    29/149     7.33G   0.03963    0.1133     0.017    0.1699       329       640    0.3303    0.7827    0.6682    0.4087   0.02959    0.1099   0.01281
    30/149     7.33G   0.03717    0.1091   0.01751    0.1638       305       640    0.3834    0.7774    0.6804    0.4257   0.02921   0.09855    0.0117
    31/149     7.33G   0.03787     0.111   0.01653    0.1654       299       640    0.3414    0.8146    0.6802    0.4084   0.03056    0.1057   0.01221
    32/149     7.33G   0.03943    0.1076   0.01718    0.1642       297       640    0.3678    0.8228     0.713    0.4269   0.02902    0.1016   0.01175
    33/149     7.33G   0.04066    0.1075   0.01709    0.1653       319       640    0.3286    0.8057    0.6739    0.4278   0.02828    0.1042   0.01197
    34/149     7.33G   0.03901    0.1095    0.0172    0.1658       303       640    0.3553     0.788    0.6697    0.3963   0.03026    0.1052   0.01238
    35/149     7.33G   0.03986    0.1134   0.01737    0.1706       310       640     0.332    0.7998    0.6707    0.4033   0.02949    0.1034   0.01194
    36/149     7.33G   0.03818    0.1114   0.01712    0.1667       323       640    0.3577    0.8013    0.6814    0.4129   0.02939    0.1065   0.01247
    37/149     7.33G   0.03929     0.111   0.01716    0.1675       300       640    0.3992    0.7695    0.6703    0.4033   0.02969    0.1035   0.01235
    38/149     7.33G    0.0399    0.1128   0.01725    0.1699       339       640    0.3531    0.7908    0.6723    0.4132   0.02897    0.1062   0.01269
    39/149     7.33G   0.03769    0.1129   0.01709    0.1676       348       640    0.3649    0.8136     0.694    0.4359    0.0279    0.1033   0.01235
    40/149     7.33G   0.03783    0.1114   0.01668    0.1659       307       640    0.3642    0.8182    0.6995     0.437   0.02812    0.1029   0.01198
    41/149     7.33G   0.03774    0.1109   0.01693    0.1655       314       640    0.3512    0.7617    0.6807    0.4153   0.02982     0.103   0.01195
    42/149     7.33G   0.03872    0.1151   0.01707    0.1708       328       640     0.287    0.8018    0.6597    0.3598   0.03454     0.112   0.01198
    43/149     7.33G   0.03813    0.1131    0.0169    0.1681       358       640    0.3032     0.808    0.6705    0.3897   0.03065    0.1121   0.01261
    44/149     7.33G   0.03949    0.1082   0.01758    0.1653       309       640    0.2567    0.7945    0.6588    0.3951   0.02948    0.1247   0.01267
    45/149     7.33G   0.03812    0.1082   0.01709    0.1634       286       640    0.3459    0.8176    0.6778    0.4131   0.02849    0.1092   0.01216
    46/149     7.33G   0.03813    0.1096   0.01682    0.1645       284       640    0.4259    0.7847    0.6776    0.4062   0.03073    0.1067   0.01218
    47/149     7.33G   0.03809    0.1105   0.01689    0.1654       289       640    0.4296    0.7983    0.6863    0.4138   0.02906    0.1054    0.0121
    48/149     7.33G   0.03737    0.1123   0.01724    0.1669       327       640    0.3135     0.798    0.6681    0.3873   0.03149    0.1172   0.01165
    49/149     7.33G   0.03821    0.1134   0.01718    0.1687       264       640    0.3745    0.7966    0.6792    0.4005   0.02997    0.1073   0.01255
    50/149     7.33G   0.03807    0.1128   0.01726    0.1682       292       640    0.3741    0.7389    0.6364    0.3884   0.03013    0.1072   0.01309
    51/149     7.33G   0.03713    0.1128   0.01658    0.1665       262       640    0.4204    0.7882    0.6663    0.3879    0.0311    0.1077   0.01182
    52/149     7.33G   0.03717    0.1116   0.01683    0.1656       290       640    0.3688    0.7363    0.6643     0.397   0.02961     0.103   0.01203
    53/149     7.33G   0.03579    0.1121   0.01636    0.1643       330       640    0.3206    0.7967    0.6397    0.3589   0.03341    0.1105   0.01298
    54/149     7.33G   0.03807    0.1108   0.01706    0.1659       313       640    0.3486    0.7552    0.6714    0.4084   0.02978    0.1073   0.01157
    55/149     7.33G   0.03959    0.1127   0.01686    0.1692       353       640    0.3645    0.8177    0.6906    0.4199   0.02849    0.1058   0.01233
    56/149     7.33G   0.03627    0.1115   0.01689    0.1646       283       640    0.4516     0.789    0.6924    0.4229   0.02953    0.1038   0.01178
    57/149     7.33G   0.03834    0.1087   0.01738    0.1644       337       640    0.3681    0.8148    0.6881    0.4167    0.0303    0.1057   0.01197
    58/149     7.33G   0.03757    0.1121   0.01676    0.1665       265       640    0.3652    0.7982     0.685    0.4125    0.0307    0.1042    0.0114
    59/149     7.33G   0.03759    0.1115    0.0162    0.1653       268       640    0.4777    0.7835    0.6951    0.4245   0.02962    0.1072   0.01159
    60/149     7.33G   0.03897    0.1091   0.01642    0.1645       293       640     0.327    0.8223    0.6946    0.4186   0.02946    0.1121   0.01176
    61/149     7.33G   0.03731     0.113   0.01667     0.167       277       640    0.4057    0.8144    0.7157     0.439   0.02869    0.1094   0.01133
    62/149     7.33G   0.03657    0.1143   0.01585    0.1667       282       640    0.4297    0.7886     0.715    0.3977   0.03084     0.103   0.01156
    63/149     7.33G   0.03614    0.1119   0.01646    0.1645       311       640    0.3887    0.7918    0.6942    0.4271   0.02829    0.1052   0.01218
    64/149     7.33G    0.0364     0.114   0.01619    0.1666       317       640    0.3607    0.8277    0.7064    0.4312   0.02865    0.1076    0.0116
    65/149     7.33G   0.03722    0.1131     0.016    0.1663       297       640    0.3875    0.8107    0.6938    0.4378   0.02785    0.1049   0.01107
    66/149     7.33G   0.03675    0.1129   0.01624    0.1659       339       640    0.3915    0.8138    0.6857      0.41   0.02991    0.1128   0.01196
    67/149     7.33G    0.0367    0.1102    0.0157    0.1626       331       640    0.3457     0.838    0.7159    0.4375   0.02888    0.1108   0.01084
    68/149     7.33G   0.03687    0.1117   0.01574    0.1643       350       640     0.375    0.7957    0.6728    0.3803    0.0318    0.1152   0.01136
    69/149     7.33G   0.03671    0.1104   0.01563    0.1628       311       640    0.4148    0.8568    0.7267    0.4442   0.02844    0.1049    0.0106
    70/149     7.33G   0.03679      0.11   0.01544    0.1623       296       640    0.4007    0.7851    0.6927    0.4137   0.02975    0.1041   0.01154
    71/149     7.33G   0.03595    0.1181   0.01513    0.1691       298       640    0.4609    0.8192    0.7303    0.4464   0.02841    0.1048   0.01072
    72/149     7.33G    0.0354     0.113   0.01535    0.1638       293       640    0.4695    0.8353    0.7477     0.448   0.02953    0.1045   0.01042
    73/149     7.33G   0.03591    0.1086   0.01586    0.1604       278       640    0.3807    0.8555    0.7176    0.4191    0.0303    0.1189   0.01092
    74/149     7.33G   0.03563    0.1137   0.01588    0.1652       330       640    0.3764    0.8091    0.7089    0.4327   0.02889     0.106   0.01025
    75/149     7.33G   0.03569    0.1088   0.01562    0.1601       281       640    0.3901    0.8028    0.7179    0.4319   0.02879    0.1058   0.01064
    76/149     7.33G    0.0357    0.1106   0.01502    0.1613       331       640     0.383     0.839    0.7248    0.4319   0.02889    0.1156   0.01053
    77/149     7.33G   0.03614      0.11   0.01504    0.1611       307       640    0.3351    0.8173    0.6979    0.4234   0.02906    0.1124   0.01098
    78/149     7.33G   0.03511    0.1101   0.01537    0.1606       279       640    0.4657    0.8099    0.7279    0.4562   0.02869     0.104   0.01039
    79/149     7.33G   0.03543    0.1119   0.01431    0.1617       301       640    0.3678    0.8621     0.732     0.465   0.02768    0.1059  0.009893
    80/149     7.33G   0.03505    0.1113   0.01496    0.1613       335       640    0.4368    0.8025    0.7364    0.4501   0.02795    0.1055   0.01001
    81/149     7.33G   0.03508    0.1084    0.0145     0.158       317       640    0.3623    0.8422    0.7484    0.4666    0.0272    0.1062  0.009502
    82/149     7.33G   0.03528    0.1093   0.01485    0.1594       355       640    0.4687    0.8379    0.7367    0.4646    0.0273    0.1019    0.0103
    83/149     7.33G   0.03379     0.108   0.01449    0.1563       302       640    0.4341    0.8343      0.76     0.481   0.02667    0.1038    0.0097
    84/149     7.33G   0.03406    0.1107   0.01419    0.1589       306       640    0.3956    0.8287    0.7457    0.4707   0.02712    0.1047  0.009063
    85/149     7.33G   0.03338    0.1066   0.01399     0.154       321       640    0.4349    0.8479    0.7615    0.4843    0.0269    0.1029  0.008954
    86/149     7.33G   0.03499    0.1072   0.01466    0.1569       251       640    0.4734    0.8285    0.7658    0.4808   0.02726    0.1029  0.009472
    87/149     7.33G   0.03454    0.1091   0.01425    0.1579       301       640    0.4565    0.8536    0.7694    0.4804   0.02717    0.1014  0.008931
    88/149     7.33G   0.03367    0.1026   0.01403    0.1503       299       640    0.4223     0.857    0.7749    0.4857    0.0268    0.1049   0.00881
    89/149     7.33G   0.03471    0.1083   0.01354    0.1566       344       640    0.5126    0.8006    0.7756    0.4974   0.02636   0.09765  0.008966
    90/149     7.33G   0.03385    0.1077   0.01403    0.1556       332       640    0.4532    0.8658    0.7883    0.5029   0.02644    0.1007  0.008166
    91/149     7.33G   0.03282    0.1076   0.01411    0.1546       365       640    0.4743    0.8921    0.7833    0.5018   0.02641    0.1006  0.008317
    92/149     7.33G    0.0344    0.1052   0.01401    0.1536       280       640    0.4464    0.8572    0.7674    0.4934   0.02606    0.1029  0.008237
    93/149     7.33G   0.03324    0.1061   0.01319    0.1525       325       640    0.4472    0.8725    0.7869    0.5071   0.02578   0.09962  0.008223
    94/149     7.33G   0.03373    0.1047   0.01357     0.152       336       640    0.4241    0.8605    0.7782    0.4938   0.02673    0.1025  0.008455
    95/149     7.33G   0.03312    0.1075   0.01289    0.1535       334       640    0.4602    0.8703     0.789    0.5061   0.02627    0.1026  0.008206
    96/149     7.33G   0.03316    0.1024   0.01307    0.1487       245       640    0.4854    0.8518    0.7904    0.5054   0.02685   0.09943  0.008069
    97/149     7.33G   0.03246    0.1047   0.01282      0.15       273       640    0.4349    0.8451    0.7741    0.4925   0.02683    0.1046  0.008181
    98/149     7.33G   0.03347    0.1065   0.01279    0.1528       325       640    0.3929    0.8818    0.7865    0.4892   0.02793    0.1104  0.008514
    99/149     7.33G    0.0318    0.1029   0.01274    0.1474       295       640    0.4076    0.8419    0.7622    0.4883   0.02669    0.1037  0.008219
   100/149     7.33G    0.0314    0.1056   0.01234    0.1493       295       640     0.476    0.8786    0.8231    0.5357   0.02488   0.09637  0.007363
   101/149     7.33G   0.03238    0.1044   0.01208    0.1488       313       640    0.4063    0.8518    0.7803    0.5005   0.02599    0.1021  0.007729
   102/149     7.33G   0.03169    0.1022   0.01227    0.1462       348       640    0.5145    0.8642    0.8169    0.5404   0.02496   0.09454  0.007765
   103/149     7.33G   0.03177    0.1023   0.01202    0.1461       332       640    0.5193    0.8738    0.8171    0.5426   0.02477    0.0938  0.007143
   104/149     7.33G   0.03234    0.1022   0.01219    0.1468       330       640    0.4826     0.894    0.8341    0.5478   0.02466   0.09448  0.006993
   105/149     7.33G   0.03262    0.1027   0.01317    0.1484       276       640    0.4549    0.8619      0.81    0.5287   0.02544   0.09951  0.007621
   106/149     7.33G   0.03186    0.1042   0.01226    0.1483       276       640    0.4583    0.9084    0.8437    0.5614   0.02431   0.09826   0.00701
   107/149     7.33G   0.03197    0.1019   0.01212     0.146       303       640    0.4896    0.8938    0.8291    0.5503   0.02457   0.09375  0.006657
   108/149     7.33G   0.03158    0.1034   0.01191    0.1469       293       640    0.4306     0.915    0.8219     0.531   0.02568   0.09814  0.006709
   109/149     7.33G   0.03163   0.09972   0.01198    0.1433       320       640    0.5122    0.8897    0.8282    0.5567   0.02432   0.09201  0.006605
   110/149     7.33G   0.03161     0.103   0.01229    0.1469       329       640    0.4803    0.9058    0.8269    0.5383   0.02519   0.09557  0.006887
   111/149     7.33G    0.0314    0.1003   0.01233     0.144       296       640    0.5128    0.8957    0.8355    0.5583   0.02443   0.09416  0.006439
   112/149     7.33G   0.03061   0.09943   0.01198     0.142       281       640    0.5039    0.9017     0.852    0.5751   0.02376   0.09302  0.006215
   113/149     7.33G   0.03025    0.1014   0.01054    0.1422       280       640    0.4805    0.8985    0.8418    0.5559   0.02449    0.0953  0.006594
   114/149     7.33G   0.03088    0.1014   0.01163    0.1439       333       640    0.4807    0.9018    0.8492    0.5705   0.02384   0.09392   0.00624
   115/149     7.33G    0.0299   0.09951    0.0114    0.1408       284       640    0.4702    0.9252    0.8535     0.571   0.02406   0.09759  0.006168
   116/149     7.33G    0.0315   0.09778   0.01175     0.141       310       640      0.51    0.8987    0.8508    0.5723   0.02396   0.09394  0.006065
   117/149     7.33G   0.03124    0.1035   0.01122     0.146       300       640    0.4837    0.8798    0.8452    0.5643   0.02404   0.09294  0.006082
   118/149     7.33G   0.03045   0.09773   0.01139    0.1396       264       640    0.4838    0.9166    0.8556    0.5738   0.02358   0.09305  0.005961
   119/149     7.33G   0.02994    0.1034   0.01102    0.1443       282       640    0.4792    0.9278    0.8507    0.5746    0.0237   0.09503  0.005684
   120/149     7.33G   0.03025    0.1012   0.01082    0.1422       287       640    0.4875    0.9149    0.8588    0.5772   0.02354   0.09379  0.005821
   121/149     7.33G   0.02992   0.09879   0.01108    0.1398       326       640    0.4679    0.9113    0.8468    0.5644   0.02418   0.09562  0.005598
   122/149     7.33G    0.0303     0.101   0.01115    0.1424       315       640    0.4779    0.9323    0.8436    0.5679   0.02387   0.09309  0.005689
   123/149     7.33G   0.03041    0.1001   0.01109    0.1416       293       640    0.4997    0.9144    0.8485      0.57   0.02386   0.09355  0.005546
   124/149     7.33G   0.03072   0.09988   0.01095    0.1415       291       640    0.4844    0.9135     0.846    0.5666    0.0242    0.0915  0.005592
   125/149     7.33G   0.03074   0.09701   0.01084    0.1386       269       640    0.4807    0.9482    0.8608    0.5906   0.02325   0.09272  0.005501
   126/149     7.33G   0.03044   0.09868   0.01102    0.1401       267       640    0.4729    0.9251    0.8597    0.5877   0.02336   0.09201  0.005145
   127/149     7.33G   0.02995   0.09899   0.01058    0.1395       282       640    0.5023    0.9188    0.8538    0.5789    0.0236   0.09322  0.005308
   128/149     7.33G   0.02964   0.09925   0.01005    0.1389       250       640    0.5112    0.9172    0.8782    0.5944   0.02313   0.09006  0.005071
   129/149     7.33G   0.02999   0.09873   0.01036    0.1391       320       640    0.4825    0.9531    0.8658    0.5951   0.02265   0.09338  0.005366
   130/149     7.33G   0.03041   0.09518    0.0108    0.1364       336       640    0.4859     0.945    0.8702    0.5927   0.02282   0.09189  0.005057
   131/149     7.33G   0.03017    0.0989   0.01093      0.14       305       640    0.5117    0.9298    0.8712    0.5891   0.02351   0.09093  0.005328
   132/149     7.33G   0.03003   0.09822   0.01073     0.139       280       640    0.4901    0.9331    0.8645    0.5902   0.02284   0.09189  0.005011
   133/149     7.33G   0.03089   0.09689   0.01059    0.1384       317       640    0.4594    0.9397    0.8609    0.5811   0.02327   0.09545  0.004952
   134/149     7.33G   0.02917   0.09933   0.01047     0.139       294       640    0.4993    0.9465    0.8664    0.5933   0.02259   0.08905  0.005271
   135/149     7.33G   0.02955   0.09744   0.01007    0.1371       340       640    0.5263     0.944    0.8804    0.6062   0.02275   0.08891  0.004815
   136/149     7.33G   0.02845   0.09801  0.009811    0.1363       317       640    0.4883    0.9253    0.8613    0.5889   0.02287   0.09166  0.005045
   137/149     7.33G   0.02971   0.09534   0.01004    0.1351       296       640    0.5083    0.9443    0.8784    0.6076   0.02264   0.08922  0.005186
   138/149     7.33G   0.02966   0.09601    0.0103     0.136       322       640    0.5045    0.9333    0.8702    0.5995   0.02257   0.08847   0.00473
   139/149     7.33G    0.0291   0.09777   0.01031    0.1372       339       640    0.4781    0.9423    0.8703    0.5993   0.02289   0.08975   0.00481
   140/149     7.33G   0.02964   0.09726   0.01043    0.1373       288       640    0.5031    0.9503    0.8764    0.6098    0.0224   0.08964  0.004708
   141/149     7.33G    0.0296   0.09708   0.01034     0.137       287       640    0.5057    0.9462    0.8828    0.6082   0.02253    0.0878  0.004644
   142/149     7.33G   0.02905   0.09725   0.01042    0.1367       280       640    0.4917    0.9577    0.8787    0.6001   0.02292    0.0902   0.00477
   143/149     7.33G   0.02916    0.0936   0.01063    0.1334       260       640    0.4712    0.9561    0.8839     0.611   0.02241   0.09116  0.004639
   144/149     7.33G   0.02848   0.09601  0.009882    0.1344       282       640    0.5092    0.9565     0.882    0.6116   0.02232    0.0892  0.004662
   145/149     7.33G   0.02995   0.09494   0.01078    0.1357       282       640    0.4867    0.9509    0.8753    0.6077   0.02222   0.08883  0.004534
   146/149     7.33G    0.0289   0.09481  0.009932    0.1336       268       640      0.49    0.9555    0.8789    0.6063   0.02236   0.08907  0.004569
   147/149     7.33G   0.02944   0.09769   0.01017    0.1373       314       640    0.4907    0.9519    0.8693     0.601   0.02262   0.08918  0.004607
   148/149     7.33G    0.0288   0.09525   0.01014    0.1342       286       640     0.496    0.9522    0.8836    0.6171    0.0222   0.08888  0.004596
   149/149     7.33G   0.02987   0.09683   0.01008    0.1368       307       640    0.4593     0.954    0.8776    0.6002   0.02273   0.09217  0.004672
