     0/199     2.08G   0.02956   0.09634  0.009869    0.1358       120       640         0         0         0         0         0         0         0
     1/199     7.49G   0.03097   0.09799   0.01031    0.1393       120       640         0         0         0         0         0         0         0
     2/199     7.49G   0.03113   0.09805  0.009394    0.1386       132       640         0         0         0         0         0         0         0
     3/199     7.49G   0.03119   0.09792   0.01011    0.1392       122       640    0.4884    0.9509    0.8809     0.592   0.02478   0.08513    0.0043
     4/199     7.09G   0.03158    0.1001   0.00978    0.1414       144       640    0.5066    0.9515    0.8861    0.6046   0.02434   0.08436  0.004308
     5/199     7.09G   0.03188    0.1003  0.009609    0.1418       125       640    0.4777    0.9393    0.8714    0.5886    0.0243    0.0848  0.004476
     6/199     7.09G   0.03305    0.1005   0.01008    0.1436       125       640    0.4842    0.9597    0.8818    0.5827   0.02537   0.08576  0.004294
     7/199     7.09G   0.03288    0.1025   0.00981    0.1452       107       640      0.49    0.9565    0.8772    0.5819   0.02513   0.08671  0.004534
     8/199     7.09G   0.03262   0.09947  0.009851    0.1419       125       640    0.5225    0.9516    0.8889    0.5988   0.02437   0.08446  0.004403
     9/199     7.09G   0.03318   0.09799   0.01017    0.1413       119       640    0.4651    0.9514    0.8855     0.572   0.02561    0.0874  0.004383
    10/199     7.09G   0.03345   0.09959  0.009871    0.1429       127       640    0.4829    0.9591    0.8867    0.5826   0.02553   0.08733  0.004555
    11/199     7.09G   0.03283   0.09967   0.01004    0.1425       147       640    0.4908    0.9486    0.8886    0.5915   0.02504   0.08477  0.004576
    12/199     7.09G    0.0333    0.1008   0.00989     0.144       115       640    0.5113    0.9429    0.8871    0.5766   0.02613   0.08585  0.004589
    13/199     7.09G   0.03426    0.1016   0.01019     0.146       126       640    0.4556    0.9542    0.8893     0.586   0.02537   0.09089   0.00473
    14/199     7.09G   0.03476   0.09889   0.01026    0.1439       117       640    0.4956    0.9516     0.876    0.5793   0.02541    0.0861  0.004964
    15/199     7.09G   0.03509   0.09809   0.01011    0.1433       115       640    0.4909    0.9505    0.8779    0.5842   0.02583   0.08534  0.004797
    16/199     7.09G   0.03534   0.09819   0.01053    0.1441       163       640    0.5275    0.9418    0.8794    0.5716   0.02563   0.08438  0.005022
    17/199     7.09G   0.03579   0.09987   0.01035     0.146        84       640    0.4964    0.9503    0.8828    0.5909   0.02438   0.08339  0.004776
    18/199     7.09G   0.03475    0.1003   0.01001    0.1451       157       640    0.5118    0.9286    0.8677    0.5727   0.02718   0.08597  0.005112
    19/199     7.09G   0.03548    0.1044    0.0101      0.15       131       640    0.4969    0.9416    0.8741    0.5839   0.02495   0.08686  0.005034
    20/199     7.36G   0.03438   0.09837   0.01031    0.1431       117       640    0.5492    0.9189    0.8803    0.5518   0.02655   0.08597  0.005284
    21/199     7.36G   0.03514    0.1005   0.01025    0.1459       117       640    0.4895    0.9442     0.871    0.5448   0.02949   0.09491  0.005521
    22/199     7.36G   0.03433   0.09988   0.01019    0.1444       110       640    0.4885    0.9423    0.8702    0.5741   0.02605   0.08768  0.005155
    23/199     7.36G   0.03563    0.1026   0.01017    0.1484       117       640    0.4662    0.9536    0.8937     0.552   0.02787   0.09456  0.004963
    24/199     7.36G   0.03476    0.1008   0.01064    0.1462       101       640    0.5291    0.9255    0.8791    0.5873    0.0252   0.08401  0.005343
    25/199     7.36G   0.03545    0.1016   0.01058    0.1477       122       640    0.4787    0.9424    0.8731    0.5631   0.02587   0.09032  0.005742
    26/199     7.36G   0.03472    0.1006   0.01071    0.1461       129       640    0.5457    0.9183    0.8748    0.5619   0.02702   0.08696  0.005622
    27/199     7.36G   0.03494    0.1023   0.01099    0.1482       117       640    0.4443    0.9571    0.8853     0.557   0.02836   0.09411  0.005213
    28/199     7.36G   0.03323    0.1008   0.01112    0.1452       152       640    0.5259    0.9497    0.8913    0.5904   0.02517   0.08709  0.005498
    29/199     7.36G   0.03359    0.1018   0.01032    0.1457       159       640    0.4314    0.9435    0.8633    0.5374   0.02869   0.09266  0.005533
    30/199     7.36G   0.03546    0.1017   0.01089     0.148       122       640    0.5363    0.8954    0.8635    0.5532   0.02598   0.08795  0.006289
    31/199     7.36G    0.0355     0.103   0.01163    0.1502       138       640    0.4632    0.9319    0.8575    0.5217   0.02751   0.09318  0.006201
    32/199     7.36G   0.03531    0.1005   0.01101    0.1468       148       640    0.5257    0.9065    0.8723    0.5231   0.02826   0.08861  0.005699
    33/199     7.36G   0.03572    0.1031    0.0106    0.1494       109       640    0.4571    0.9447    0.8655    0.5307   0.02802   0.09822  0.006087
    34/199     7.36G   0.03291    0.1021   0.01105     0.146        97       640    0.4235    0.9428     0.855    0.5473   0.02664    0.1011  0.006263
    35/199     7.36G   0.03527    0.1023   0.01139    0.1489       156       640    0.5225    0.8801    0.8305    0.5115    0.0277   0.09212  0.006481
    36/199     7.36G   0.03594    0.1022   0.01138    0.1495       148       640    0.4627     0.943    0.8598    0.5363   0.02752   0.09558  0.005987
    37/199     7.36G   0.03506     0.104   0.01166    0.1507       146       640    0.4334    0.9407    0.8588    0.5394    0.0278   0.09658  0.005835
    38/199     7.36G   0.03602    0.1055   0.01122    0.1527       105       640    0.5164    0.9184    0.8482    0.5471   0.02706   0.09104  0.005886
    39/199     7.36G    0.0356    0.1058   0.01133    0.1527       147       640    0.4468    0.9047    0.8251    0.5308   0.02651   0.09484  0.006946
    40/199     7.36G   0.03536    0.1046   0.01155    0.1515       160       640    0.4681    0.9391    0.8664    0.5581   0.02606   0.09463  0.005901
    41/199     7.36G   0.03417    0.1069   0.01108    0.1522       107       640    0.5128    0.9056    0.8409    0.5373   0.02691      0.09  0.007101
    42/199     7.36G   0.03616    0.1061   0.01131    0.1536       121       640    0.5009    0.9351    0.8464    0.5221   0.02755    0.0894   0.00711
    43/199     7.36G   0.03402    0.1027    0.0111    0.1478       123       640    0.4254    0.9483    0.8637    0.5237   0.02761    0.1032   0.00645
    44/199     7.36G   0.03572    0.1047   0.01154     0.152       116       640    0.4897    0.9305    0.8592    0.5421   0.02746   0.09642  0.006447
    45/199     7.36G   0.03427     0.103   0.01072     0.148       114       640    0.4624    0.9365     0.851    0.5213   0.02825   0.09597  0.006235
    46/199     7.36G   0.03346    0.1047   0.01109    0.1493       153       640    0.4504    0.9467    0.8816    0.5434   0.02736   0.09617  0.005923
    47/199     7.36G   0.03551     0.105   0.01187    0.1523       140       640    0.4865    0.9116    0.8689    0.5219   0.02862    0.0918  0.005905
    48/199     7.36G   0.03497    0.1038   0.01177    0.1506       123       640    0.4392    0.8737    0.8198    0.5251    0.0275   0.09651  0.007177
    49/199     7.36G   0.03494    0.1041   0.01198     0.151       127       640    0.4455    0.9168     0.842     0.527    0.0271    0.1006  0.007043
    50/199     7.36G   0.03415    0.1041   0.01169      0.15       115       640    0.4777    0.9142     0.846    0.5237   0.02755   0.09218  0.006347
    51/199     7.36G   0.03515    0.1053   0.01142    0.1519       123       640    0.3858    0.9185    0.8313    0.5179   0.02828    0.1082  0.007355
    52/199     7.36G   0.03452    0.1046   0.01206    0.1511       153       640    0.4355    0.9016    0.7993    0.4846   0.02988   0.09933  0.006697
    53/199     7.36G   0.03505    0.1041   0.01189     0.151       129       640    0.4485    0.9108     0.829    0.5026   0.02903   0.09468  0.006367
    54/199     7.36G   0.03592    0.1015   0.01241    0.1498       137       640    0.5066    0.9074    0.8463    0.5235   0.02929   0.09068  0.006067
    55/199     7.36G   0.03566    0.1079   0.01134    0.1549       146       640    0.4804    0.9202    0.8356    0.4953   0.02999   0.09848  0.006854
    56/199     7.36G   0.03397    0.1039   0.01166    0.1495       126       640    0.4588    0.9458    0.8441    0.5366   0.02716   0.09753  0.006437
    57/199     7.36G   0.03524    0.1036   0.01224     0.151       131       640    0.4448    0.9283    0.8387    0.5021   0.02798    0.1011  0.006264
    58/199     7.36G   0.03451    0.1112   0.01141    0.1572       128       640     0.377    0.8991    0.8002    0.4887    0.0295    0.1027  0.007226
    59/199     7.36G    0.0359    0.1072    0.0122    0.1553       116       640    0.4496    0.9375    0.8472    0.5023   0.02892    0.0977  0.006552
    60/199     7.36G   0.03543    0.1097   0.01153    0.1566       138       640    0.5651    0.8253    0.8157    0.4975   0.02926   0.09421  0.006769
    61/199     7.36G   0.03454    0.1053   0.01226    0.1521       134       640    0.4386    0.8981    0.7976    0.4615   0.03211    0.1035  0.008283
    62/199     7.36G   0.03572    0.1077   0.01207    0.1555       142       640    0.5123    0.9116     0.836    0.5247    0.0274   0.09175  0.007061
    63/199     7.36G   0.03418    0.1085   0.01173    0.1544       139       640    0.4358    0.9433    0.8266    0.4947   0.02858   0.09733  0.007387
    64/199     7.36G   0.03527    0.1099   0.01235    0.1575       146       640    0.4649    0.8842    0.8242    0.5154   0.02797   0.09361  0.006676
    65/199     7.36G   0.03405    0.1042   0.01233    0.1506       122       640    0.4972    0.8852    0.8214    0.4942   0.03002   0.09507  0.006847
    66/199     7.36G   0.03499     0.106   0.01265    0.1537       119       640    0.3771    0.9153    0.8047    0.4806   0.03033    0.1039  0.006784
    67/199     7.36G   0.03551    0.1081   0.01175    0.1553       127       640    0.5139    0.8897    0.8104    0.4796   0.03022   0.09786  0.007367
    68/199     7.36G   0.03439    0.1082   0.01204    0.1546       140       640     0.385    0.8967    0.8004    0.4792    0.0305    0.1121  0.007173
    69/199     7.36G    0.0343    0.1069   0.01161    0.1528       144       640    0.3871     0.898    0.8096    0.4742   0.03022    0.1047  0.006975
    70/199     7.36G   0.03497    0.1072   0.01186    0.1541       118       640    0.4308    0.8825    0.7956     0.493   0.02834   0.09915  0.007861
    71/199     7.36G   0.03432    0.1088   0.01143    0.1545       141       640    0.3827    0.8854     0.795    0.4784   0.02973    0.1067  0.007196
    72/199     7.36G   0.03568    0.1097    0.0118    0.1572       102       640    0.3664    0.8835    0.8053    0.4991   0.02778    0.1086  0.007096
    73/199     7.36G   0.03375    0.1081   0.01181    0.1537       138       640    0.3444    0.9178    0.8095    0.4707   0.03089    0.1066  0.008173
    74/199     7.36G   0.03313    0.1085   0.01104    0.1527       114       640    0.5275    0.8644     0.809    0.4996   0.02838   0.09407  0.007784
    75/199     7.36G   0.03556    0.1062    0.0116    0.1533       143       640    0.4876    0.9191     0.837    0.5003   0.02979   0.09711  0.006739
    76/199     7.36G   0.03409    0.1078   0.01205     0.154       131       640    0.4035    0.9075    0.8242    0.4853   0.03004    0.1021  0.006717
    77/199     7.36G   0.03383    0.1087   0.01131    0.1539       120       640    0.4053    0.9111    0.8111    0.4898   0.03046   0.09799  0.006926
    78/199     7.36G   0.03433    0.1078   0.01107    0.1532       148       640    0.4661     0.852    0.7982    0.4944   0.02845   0.09318  0.006622
    79/199     7.36G   0.03275    0.1048   0.01123    0.1488       116       640     0.473    0.9258    0.8426    0.5294   0.02679   0.09329  0.006032
    80/199     7.36G   0.03403    0.1077   0.01093    0.1527       136       640     0.537    0.8761    0.8513    0.5332   0.02743   0.09149  0.005991
    81/199     7.36G   0.03428    0.1071   0.01097    0.1524       149       640    0.5203    0.8963    0.8589    0.5232   0.02877   0.09203  0.005914
    82/199     7.36G   0.03317    0.1056   0.01121      0.15       139       640    0.5385    0.8983    0.8419    0.5302   0.02698   0.09304  0.006533
    83/199     7.36G   0.03298    0.1085   0.01112    0.1526       125       640    0.5168    0.9135    0.8623    0.5308   0.02771   0.09399  0.005971
    84/199     7.36G   0.03303    0.1047   0.01144    0.1491       136       640    0.4861    0.9351    0.8594    0.5454   0.02725    0.0946  0.005507
    85/199     7.36G   0.03312    0.1038    0.0108    0.1477       109       640     0.446     0.943    0.8617    0.5306   0.02767   0.09985  0.005548
    86/199     7.36G   0.03306    0.1042   0.01063    0.1479       142       640    0.4715    0.9517    0.8729     0.551   0.02656   0.09776  0.005244
    87/199     7.36G    0.0331    0.1048   0.01102    0.1489       147       640    0.4688    0.9136     0.856    0.5222   0.02807   0.09649  0.005673
    88/199     7.36G   0.03223    0.1058   0.01095     0.149       126       640    0.5143    0.8911    0.8579    0.5516   0.02621   0.08987  0.005368
    89/199     7.36G    0.0322    0.1026   0.01059    0.1454       131       640    0.5047    0.9061    0.8742    0.5658   0.02523   0.09086   0.00517
    90/199     7.36G    0.0334    0.1063   0.01036    0.1501       124       640    0.4852    0.9406    0.8748    0.5605   0.02582   0.09356  0.005807
    91/199     7.36G   0.03185    0.1044   0.01055    0.1468       132       640    0.4778    0.9519    0.8773    0.5448   0.02755   0.09526    0.0052
    92/199     7.36G   0.03192    0.1026    0.0101    0.1446       129       640    0.5579    0.9276    0.8776    0.5634    0.0259   0.08869  0.005243
    93/199     7.36G   0.03258    0.1044   0.01025    0.1472       141       640     0.455    0.9347    0.8612    0.5509   0.02728   0.09295    0.0052
    94/199     7.36G    0.0325    0.1013   0.01028    0.1441       137       640    0.5091    0.9552    0.8844    0.5712   0.02557   0.09166  0.004938
    95/199     7.36G   0.03178    0.1073   0.01018    0.1492       133       640    0.5157    0.9427    0.8719    0.5599   0.02584   0.08974  0.004859
    96/199     7.36G    0.0321    0.1035   0.01041     0.146       134       640    0.5424    0.9484    0.8718    0.5648   0.02562   0.08748  0.005553
    97/199     7.36G   0.03149     0.108  0.009499     0.149       122       640    0.5347    0.9022    0.8659    0.5745   0.02514   0.08893  0.004834
    98/199     7.36G   0.03101    0.1031  0.009756    0.1439       140       640    0.5074    0.9452    0.8805     0.583   0.02494   0.08739  0.004468
    99/199     7.36G   0.03234    0.1023  0.009512    0.1441       119       640    0.5066    0.9303    0.8692    0.5639   0.02616   0.08991  0.005038
   100/199     7.36G   0.03111    0.1019  0.009923    0.1429       130       640    0.5239    0.9305    0.8861    0.5858   0.02422    0.0896  0.004907
   101/199     7.36G   0.03112    0.1033  0.009704    0.1441       116       640    0.5485    0.9369    0.8812    0.5844   0.02373     0.087  0.005037
   102/199     7.36G   0.03082    0.1017  0.009271    0.1418       128       640    0.4603    0.9135    0.8641    0.5667   0.02506   0.08944  0.004619
   103/199     7.36G    0.0321    0.1053  0.009487    0.1469       124       640    0.4609    0.9553    0.8832     0.577    0.0254   0.09428  0.004266
   104/199     7.36G   0.03118   0.09954  0.009214    0.1399       170       640    0.4918    0.9609    0.8965    0.5909   0.02422    0.0882  0.004386
   105/199     7.36G   0.03108   0.09819  0.009575    0.1388       158       640     0.471    0.9368    0.8851    0.5884   0.02532   0.08987  0.004749
   106/199     7.36G   0.03222   0.09849  0.009435    0.1401       114       640    0.4989    0.9801    0.9095    0.5888   0.02587   0.09147  0.004051
   107/199     7.36G   0.03131    0.1009  0.009419    0.1416       129       640    0.5234    0.9607    0.8992    0.5907   0.02502   0.08592  0.004096
   108/199     7.36G   0.03134   0.09686  0.009329    0.1375       100       640    0.5265    0.9682    0.8943    0.5863   0.02485   0.08891  0.004125
   109/199     7.36G   0.03081    0.1014  0.008973    0.1412       144       640    0.4958    0.9532    0.8897    0.5745   0.02583   0.09084  0.004416
   110/199     7.36G    0.0304   0.09776  0.009284    0.1374       138       640    0.4999    0.9191    0.8734    0.5761   0.02519   0.08869   0.00443
   111/199     7.36G   0.03087   0.09943  0.009485    0.1398       109       640    0.4996    0.9655    0.9077    0.5975   0.02455   0.09052  0.003911
   112/199     7.36G   0.03061    0.1006  0.009076    0.1402       147       640    0.4701    0.9613    0.8978    0.5947   0.02453   0.08965  0.004114
   113/199     7.36G   0.03014   0.09841  0.009285    0.1378       112       640    0.5049    0.9626    0.8876    0.5868   0.02431   0.08739  0.004458
   114/199     7.36G   0.03095    0.1008   0.00859    0.1404       142       640    0.5452    0.9751    0.9049    0.6035    0.0238   0.08886  0.003519
   115/199     7.36G   0.03131   0.09586  0.009269    0.1364       134       640    0.5271     0.946     0.893    0.6079    0.0236   0.08588  0.003856
   116/199     7.36G   0.03024    0.1041  0.008499    0.1428       147       640    0.5129    0.9559     0.913    0.6227   0.02362   0.08426  0.003374
   117/199     7.36G   0.02992    0.1003   0.00837    0.1386       166       640    0.4619    0.9711    0.8966    0.5972    0.0244    0.0889  0.003484
   118/199     7.36G   0.02981   0.09828  0.008913     0.137       108       640    0.5112    0.9553    0.9156    0.6072   0.02394   0.08983  0.003209
   119/199     7.36G   0.02939    0.1026  0.008583    0.1406       129       640    0.5178    0.9681    0.9135    0.6153   0.02352   0.08801  0.003933
   120/199     7.36G   0.03002   0.09663  0.008495    0.1351       130       640    0.5314     0.972     0.906    0.6086   0.02368   0.08699  0.003618
   121/199     7.36G    0.0297   0.09812   0.00842    0.1362       118       640    0.5214    0.9723    0.9124    0.6193   0.02325   0.08373  0.003308
   122/199     7.36G   0.02992   0.09801   0.00864    0.1366       114       640    0.5079    0.9728    0.9051    0.6059   0.02411   0.08819  0.003434
   123/199     7.36G   0.02928   0.09947  0.008312    0.1371       138       640    0.4728    0.9732    0.9046     0.597   0.02471   0.09135  0.003747
   124/199     7.36G   0.02921   0.09931  0.008661    0.1372       138       640     0.518    0.9588     0.897    0.5976   0.02453   0.08517  0.003596
   125/199     7.36G   0.02994   0.09482  0.008178    0.1329       130       640    0.5114    0.9692    0.9127    0.6055   0.02446   0.08568  0.003302
   126/199     7.36G   0.02965   0.09906  0.008644    0.1374       140       640    0.5009    0.9811    0.9206    0.6042   0.02444    0.0905  0.003201
   127/199     7.36G   0.02909   0.09629  0.008322    0.1337       155       640    0.5033    0.9738    0.9186    0.6223   0.02334   0.08442  0.003437
   128/199     7.36G   0.02964   0.09921  0.008492    0.1373       137       640    0.5603    0.9684    0.9181     0.642   0.02267   0.08345  0.003121
   129/199     7.36G   0.02889   0.09717  0.008601    0.1347       152       640    0.5469     0.964    0.9179    0.6432   0.02218   0.08178  0.003105
   130/199     7.36G   0.02907   0.09383  0.008436    0.1313       143       640    0.5451    0.9592    0.9167     0.635    0.0226   0.08287  0.003269
   131/199     7.36G   0.02978   0.09649  0.008342    0.1346       180       640    0.5322    0.9654    0.9256    0.6319    0.0231   0.08416  0.002825
   132/199     7.36G    0.0287   0.09658  0.007816    0.1331       127       640    0.4903    0.9808    0.9228    0.6321   0.02282   0.08506  0.002954
   133/199     7.36G    0.0286   0.09865  0.007972    0.1352       127       640    0.4728    0.9785    0.9131    0.5998   0.02478   0.08949  0.002915
   134/199     7.36G   0.02876   0.09531  0.008157    0.1322       130       640    0.5197    0.9787    0.9049    0.6142   0.02261    0.0844  0.003197
   135/199     7.36G   0.02882   0.09739  0.007975    0.1342       146       640    0.5434     0.975    0.9192    0.6407    0.0219   0.08107  0.002808
   136/199     7.36G   0.02858   0.09574  0.007826    0.1321       144       640    0.5789    0.9585    0.9193    0.6396   0.02196   0.08039  0.002886
   137/199     7.36G   0.02812   0.09687  0.007905    0.1329       104       640    0.5492    0.9662    0.9121    0.6306    0.0224   0.08433  0.003227
   138/199     7.36G   0.02887    0.0969  0.007752    0.1335       113       640    0.5231    0.9702    0.9202    0.6391   0.02242   0.08244  0.002697
   139/199     7.36G   0.02847   0.09559  0.007413    0.1315       125       640    0.5216    0.9798    0.9191    0.6324   0.02261   0.08484   0.00279
   140/199     7.36G    0.0286   0.09749  0.008135    0.1342       131       640    0.5006    0.9839    0.9251    0.6481   0.02215    0.0873   0.00283
   141/199     7.36G   0.02897   0.09523  0.007687    0.1319       127       640    0.5363    0.9771    0.9148    0.6372   0.02235   0.08297  0.002525
   142/199     7.36G   0.02785   0.09655  0.007597     0.132       140       640    0.5768    0.9758    0.9236    0.6484   0.02189   0.08014  0.002753
   143/199     7.36G   0.02934   0.09342  0.008326    0.1311       117       640    0.5233    0.9779    0.9351    0.6351   0.02352   0.08351  0.002928
   144/199     7.36G   0.02892   0.09464  0.007492    0.1311       136       640    0.5617    0.9816     0.933     0.658   0.02151   0.08141  0.002597
   145/199     7.36G   0.02871   0.09719  0.007841    0.1337       137       640    0.5114    0.9818    0.9285    0.6413   0.02272   0.08522  0.002646
   146/199     7.36G   0.02835    0.0947  0.007742    0.1308       129       640    0.5225    0.9845    0.9238    0.6375   0.02251   0.08346  0.002495
   147/199     7.36G    0.0284   0.09617  0.007531    0.1321       121       640    0.5588    0.9646     0.918     0.646   0.02169   0.08098  0.002486
   148/199     7.36G   0.02791   0.09631  0.007439    0.1317       118       640    0.5333    0.9818    0.9225    0.6402    0.0226   0.08276  0.002386
   149/199     7.36G   0.02848   0.09305  0.007594    0.1291       153       640    0.5379    0.9595    0.9253     0.654   0.02179   0.08206  0.002461
   150/199     7.36G   0.02831    0.0921  0.007364    0.1278       126       640    0.5623    0.9781    0.9258    0.6571    0.0213   0.08094  0.002549
   151/199     7.36G   0.02804   0.09466  0.007827    0.1305       123       640     0.549    0.9771    0.9333     0.658   0.02164   0.08171  0.002344
   152/199     7.36G   0.02851    0.0946   0.00769    0.1308       126       640    0.5664    0.9782     0.929     0.659   0.02179   0.08102  0.002423
   153/199     7.36G   0.02702   0.09215  0.007115    0.1263       119       640    0.5477    0.9787    0.9324    0.6574   0.02161   0.08109  0.002369
   154/199     7.36G   0.02745   0.09489  0.006836    0.1292       148       640    0.5442    0.9803    0.9277    0.6462   0.02236   0.08193  0.002345
   155/199     7.36G   0.02738   0.08915  0.006893    0.1234       108       640    0.5946    0.9772     0.929     0.658   0.02128   0.07884  0.002644
   156/199     7.36G   0.02759   0.09332  0.007316    0.1282       131       640    0.5375    0.9858    0.9205    0.6589   0.02148   0.08256  0.002328
   157/199     7.36G   0.02738   0.09352  0.007158    0.1281       156       640    0.5317    0.9824    0.9296    0.6627   0.02147   0.08435  0.002315
   158/199     7.36G   0.02786   0.09291  0.007424    0.1282       145       640    0.5686    0.9542    0.9308    0.6625    0.0214   0.07954  0.002232
   159/199     7.36G   0.02839   0.09307  0.007171    0.1286       133       640    0.5633     0.972    0.9311    0.6588   0.02165   0.08214  0.002357
   160/199     7.36G   0.02716   0.09302  0.006778     0.127       100       640    0.5813    0.9771    0.9226    0.6512   0.02217   0.07925  0.002295
   161/199     7.36G   0.02753   0.09377    0.0072    0.1285       107       640    0.5718    0.9837    0.9253    0.6634   0.02123   0.08105  0.002231
   162/199     7.36G    0.0271   0.08857  0.007074    0.1227       104       640    0.5466    0.9769     0.925    0.6612   0.02114   0.08075  0.002081
   163/199     7.36G   0.02787   0.09122  0.007006    0.1261       145       640    0.5605    0.9817    0.9342    0.6681   0.02108   0.08006  0.002178
   164/199     7.36G    0.0279   0.09025  0.007264    0.1254       134       640    0.5718    0.9829    0.9299    0.6699   0.02067   0.07998  0.002143
   165/199     7.36G   0.02704   0.09116  0.006967    0.1252       120       640    0.5765    0.9789    0.9344    0.6702   0.02077    0.0786  0.001935
   166/199     7.36G   0.02719   0.09203  0.007043    0.1263       173       640      0.56    0.9859    0.9333    0.6696   0.02052   0.08177  0.002174
   167/199     7.36G   0.02746   0.09096   0.00706    0.1255       159       640    0.5669    0.9827    0.9313    0.6766   0.02063   0.07765  0.002233
   168/199     7.36G   0.02706    0.0902  0.007499    0.1248       113       640    0.5796    0.9848    0.9362    0.6788   0.02043   0.07732  0.002109
   169/199     7.36G   0.02651    0.0885  0.006761    0.1218       131       640    0.5589    0.9807    0.9418    0.6749   0.02073   0.08062  0.002013
   170/199     7.36G    0.0269   0.09177  0.007025    0.1257       145       640    0.5555    0.9866    0.9317    0.6632    0.0209   0.08023  0.001944
   171/199     7.36G   0.02643    0.0934  0.006765    0.1266       139       640    0.5364    0.9844     0.931    0.6674   0.02087   0.07959  0.002034
   172/199     7.36G   0.02662   0.09194  0.007027    0.1256       121       640    0.5518    0.9827    0.9282    0.6729   0.02046    0.0793  0.002039
   173/199     7.36G   0.02674   0.09173  0.006425    0.1249       106       640    0.5457     0.982    0.9369    0.6768   0.02068   0.08047  0.001948
   174/199     7.36G   0.02746   0.08747  0.006746    0.1217       138       640    0.5493     0.983    0.9313    0.6675   0.02132   0.07901  0.001945
   175/199     7.36G   0.02705   0.09142  0.007046    0.1255       154       640    0.5609    0.9802    0.9339    0.6794   0.02043   0.07766  0.001987
   176/199     7.36G   0.02663    0.0919  0.006463     0.125       140       640    0.5532    0.9798    0.9395    0.6766   0.02067   0.07829  0.001864
   177/199     7.36G   0.02686   0.08806  0.007015    0.1219       133       640    0.5651     0.986     0.935    0.6815   0.02039   0.07857  0.001895
   178/199     7.36G   0.02748      0.09  0.006908    0.1244       143       640    0.5458    0.9858    0.9328    0.6721   0.02105   0.07834  0.001929
   179/199     7.36G   0.02625    0.0927  0.006473    0.1254       126       640    0.5333    0.9906    0.9382    0.6759   0.02095   0.08033  0.001837
   180/199     7.36G   0.02627   0.08899  0.006645    0.1219       138       640    0.5942    0.9868      0.94    0.6826   0.02025   0.07674  0.001809
   181/199     7.36G   0.02619   0.09142  0.006798    0.1244       118       640    0.5566    0.9895    0.9402    0.6798   0.02034   0.07958  0.001779
   182/199     7.36G   0.02622   0.09021  0.006845    0.1233       114       640    0.5494    0.9851     0.938    0.6844   0.02043   0.07895  0.001818
   183/199     7.36G   0.02722    0.0917  0.006923    0.1258       122       640    0.5648    0.9834    0.9418    0.6817   0.02031   0.07736  0.001774
   184/199     7.36G   0.02615   0.09181  0.006549    0.1245       146       640    0.5759    0.9763      0.94    0.6863   0.02036   0.07627  0.001819
   185/199     7.36G   0.02623   0.08912  0.006485    0.1218       118       640    0.5611    0.9864    0.9398    0.6786    0.0208   0.07753  0.001725
   186/199     7.36G   0.02629   0.09127  0.006334    0.1239       143       640    0.5848    0.9827    0.9364    0.6828    0.0203   0.07477   0.00166
   187/199     7.36G    0.0263   0.09139   0.00657    0.1243       112       640    0.5602    0.9862    0.9391    0.6788   0.02076   0.07773  0.001655
   188/199     7.36G   0.02664   0.08924   0.00663    0.1225       150       640    0.5542    0.9863    0.9382    0.6866   0.02025   0.07782  0.001629
   189/199     7.36G   0.02602   0.08909  0.006657    0.1218       129       640    0.5596    0.9865    0.9445    0.6834   0.02033    0.0761  0.001719
   190/199     7.36G   0.02582    0.0899  0.006355    0.1221       124       640    0.5907    0.9843    0.9416    0.6912   0.01982   0.07558  0.001772
   191/199     7.36G    0.0262   0.09003  0.006844    0.1231       118       640    0.5536    0.9851    0.9355    0.6866   0.02033   0.07714  0.001735
   192/199     7.36G   0.02682   0.08945  0.006271    0.1225       153       640    0.5715    0.9882    0.9443    0.6956   0.02001    0.0769   0.00166
   193/199     7.36G   0.02658   0.08934  0.006339    0.1223       135       640    0.5661    0.9849    0.9406    0.6867    0.0201   0.07619  0.001641
   194/199     7.36G   0.02652   0.08907  0.006767    0.1224       140       640    0.5559    0.9877    0.9443    0.6863   0.02045   0.07793  0.001644
   195/199     7.36G   0.02669   0.08854  0.006519    0.1217       126       640    0.5552     0.988    0.9475    0.6928   0.02012   0.07877  0.001679
   196/199     7.36G   0.02684   0.08953  0.006268    0.1226       128       640    0.5749    0.9876    0.9446    0.6897   0.02012   0.07666  0.001697
   197/199     7.36G   0.02728   0.08867  0.006806    0.1228       153       640    0.5773    0.9878    0.9433    0.6911   0.01983   0.07582  0.001653
   198/199     7.36G    0.0261   0.08813  0.006517    0.1207       124       640    0.5656    0.9883    0.9435    0.6983   0.01988    0.0777  0.001566
   199/199     7.36G   0.02604   0.08879  0.006272    0.1211       145       640    0.5642     0.985    0.9507    0.6945   0.02016   0.07669  0.001572
