     0/299     5.38G    0.1118    0.1417   0.04382    0.2973       225       640         0         0         0         0         0         0         0
     1/299     8.79G    0.1037    0.1491   0.04284    0.2956       224       640         0         0         0         0         0         0         0
     2/299      8.8G   0.09743    0.1517   0.04155    0.2907       264       640         0         0         0         0         0         0         0
     3/299      8.8G   0.09136    0.1571   0.04071    0.2892       301       640         0         0         0         0    0.1007    0.2203   0.04144
     4/299     8.86G   0.08711    0.1536   0.03992    0.2806       272       640         0         0         0         0   0.09956    0.2309   0.04128
     5/299     8.86G   0.08332     0.159   0.03919    0.2815       228       640   0.06667 0.0001462    0.0112  0.003814   0.08811    0.2284   0.04067
     6/299     8.86G   0.08043    0.1535   0.03904     0.273       217       640         0         0   0.01702  0.005114    0.0807       0.2   0.03994
     7/299     8.86G   0.07994    0.1529   0.03857    0.2714       257       640   0.06667 0.0001263   0.02192  0.005646   0.07655    0.1786     0.039
     8/299     8.86G    0.0797    0.1486   0.03858    0.2669       196       640     0.072     0.003   0.02632  0.007206   0.06892     0.177   0.03853
     9/299     8.86G   0.07693    0.1483   0.03839    0.2636       214       640   0.05643  0.006566   0.02788  0.007148   0.07056    0.1768   0.03835
    10/299     8.86G   0.07508    0.1468   0.03829    0.2601       190       640    0.1558   0.00109   0.02996  0.007767   0.08409    0.1624   0.03877
    11/299     8.86G    0.0742    0.1482    0.0382    0.2606       248       640    0.1445    0.0213   0.04883    0.0153   0.06647    0.1623   0.03803
    12/299     8.86G   0.07342    0.1465   0.03809     0.258       253       640    0.0851   0.06486   0.04977   0.01654   0.06161    0.1558   0.03782
    13/299     8.86G   0.07149     0.151    0.0379    0.2604       241       640    0.0854   0.03785   0.04709   0.01587   0.06264    0.1633   0.03775
    14/299     8.86G   0.07028    0.1446   0.03789    0.2528       202       640    0.1151   0.05278   0.05948   0.02265   0.05723    0.1625   0.03745
    15/299     8.86G   0.06929    0.1431   0.03774    0.2502       284       640    0.1149   0.06434   0.06244   0.01962   0.05906    0.1508   0.03743
    16/299     8.86G   0.06889    0.1466   0.03789    0.2534       223       640   0.07999   0.01395   0.04972   0.01743   0.05988    0.1713   0.03764
    17/299     8.86G   0.06835    0.1436   0.03778    0.2497       243       640    0.1224   0.05719   0.06996   0.02513   0.05714    0.1562   0.03747
    18/299     8.86G   0.06643    0.1419   0.03747    0.2458       235       640   0.07485   0.08037   0.07871    0.0319   0.05338    0.1578   0.03722
    19/299     8.86G   0.06498    0.1446   0.03756    0.2472       255       640   0.08954   0.05066   0.06649   0.02589   0.05777     0.152   0.03704
    20/299     8.86G   0.06409    0.1452    0.0372    0.2465       247       640    0.1119   0.01534   0.05991     0.023   0.06131    0.1534   0.03741
    21/299     8.86G   0.06407    0.1415   0.03736     0.243       229       640    0.1013   0.06487   0.08526   0.03571   0.05318    0.1475    0.0367
    22/299     8.86G   0.06326    0.1421   0.03716    0.2425       248       640    0.1203    0.1157   0.09093   0.03698   0.05163    0.1472    0.0364
    23/299     8.86G   0.06149     0.142    0.0374    0.2408       228       640    0.1829   0.08523   0.09516    0.0393    0.0548     0.148   0.03633
    24/299     8.86G   0.06091    0.1404   0.03693    0.2382       264       640    0.1632    0.0826   0.09395   0.03789   0.05273    0.1486    0.0363
    25/299     8.86G   0.06038    0.1388   0.03705    0.2362       309       640    0.3183    0.1209    0.1002   0.04075   0.05462    0.1491   0.03642
    26/299     8.86G   0.05927    0.1406   0.03691    0.2367       252       640    0.1438    0.0938   0.06362   0.02133   0.07615    0.1657    0.0366
    27/299     8.86G   0.05913    0.1362   0.03699    0.2323       214       640    0.1716    0.1489    0.1005   0.03742   0.05802    0.1646   0.03612
    28/299     8.86G   0.05973    0.1368   0.03653     0.233       208       640    0.2769    0.1308    0.1205   0.04986   0.05019    0.1657   0.03582
    29/299     8.86G   0.05798    0.1362   0.03653    0.2307       228       640    0.2516    0.1759    0.1225   0.05441   0.05283    0.1748   0.03573
    30/299     8.86G   0.05721    0.1342   0.03625    0.2277       221       640    0.2669    0.1463    0.1276   0.05032   0.05318    0.1409   0.03525
    31/299     8.86G   0.05761    0.1377   0.03594    0.2313       233       640    0.1523   0.09679    0.1086   0.04547   0.05093    0.1512    0.0353
    32/299     8.86G   0.05517    0.1339   0.03591     0.225       217       640    0.2385    0.1704    0.1513   0.07125   0.04711    0.1389   0.03462
    33/299     8.86G   0.05536    0.1341   0.03545    0.2249       240       640    0.2087    0.1998    0.1445   0.05481    0.0542    0.1462   0.03424
    34/299     8.86G   0.05385    0.1317   0.03537    0.2209       248       640    0.1999    0.2327    0.1615   0.07326   0.04755    0.1481   0.03422
    35/299     8.86G   0.05494    0.1313   0.03524    0.2215       264       640    0.1973    0.2151    0.1617   0.06374   0.05005    0.1487   0.03394
    36/299     8.86G   0.05441    0.1358   0.03492    0.2251       240       640    0.1784     0.151   0.08902   0.02986   0.06283    0.1886   0.03504
    37/299     8.86G   0.05313    0.1344   0.03448    0.2221       288       640    0.2066    0.2113    0.1469   0.05974   0.04939    0.1415   0.03385
    38/299     8.86G   0.05357    0.1321   0.03435      0.22       215       640    0.2136    0.1848    0.1629   0.07426   0.04768    0.1395   0.03301
    39/299     8.86G   0.05217    0.1296   0.03427     0.216       251       640    0.2043    0.2991    0.1853   0.08207   0.04543     0.139   0.03237
    40/299     8.86G   0.05373    0.1293   0.03388    0.2169       317       640    0.1815    0.3239    0.1891   0.07759   0.04664    0.1458   0.03265
    41/299     8.86G   0.05272    0.1301   0.03367    0.2165       237       640    0.2013    0.2833    0.1889    0.0891   0.04422    0.1335    0.0326
    42/299     8.86G   0.05249      0.13   0.03354     0.216       225       640    0.2051    0.3251    0.2053   0.09703   0.04371    0.1323   0.03136
    43/299     8.86G   0.05196    0.1257   0.03294    0.2106       270       640     0.161    0.3481    0.1789   0.07333   0.04875    0.1559   0.03326
    44/299     8.86G   0.05036     0.132    0.0327     0.215       236       640    0.1469     0.386    0.2164    0.1023   0.04296    0.1546    0.0321
    45/299     8.86G   0.05089    0.1284   0.03253    0.2118       248       640    0.3037     0.257    0.2246    0.1129   0.04322     0.137   0.03024
    46/299     8.86G   0.04946    0.1273   0.03225     0.209       232       640    0.2027    0.2939    0.1912    0.0734   0.05007    0.1317   0.03226
    47/299     8.86G   0.05027    0.1263   0.03181    0.2084       226       640    0.1824    0.3788    0.2372    0.1113    0.0462    0.1322   0.02943
    48/299     8.86G    0.0511    0.1261   0.03143    0.2087       252       640    0.2042    0.4051    0.2587    0.1195   0.04424    0.1308   0.02906
    49/299     8.86G   0.04936    0.1289   0.03071     0.209       265       640    0.1719    0.4564    0.2691    0.1215   0.04278    0.1407   0.02983
    50/299     8.86G   0.04921     0.126   0.03092    0.2062       215       640    0.1847    0.4822     0.286    0.1409   0.04145    0.1381   0.02803
    51/299     8.86G   0.04908    0.1264   0.03022    0.2057       226       640    0.1857    0.4297    0.2601    0.1306   0.04324    0.1366   0.02816
    52/299     8.86G   0.04851    0.1267   0.02992    0.2052       249       640    0.1888    0.4424    0.2832    0.1387   0.04215    0.1402   0.02833
    53/299     8.86G   0.04732    0.1233   0.02956    0.2002       232       640    0.2181     0.431    0.2984    0.1369   0.04355    0.1279   0.02654
    54/299     8.86G   0.04863    0.1221   0.02977    0.2005       260       640    0.2201    0.4508    0.3108    0.1477   0.04055    0.1299   0.02643
    55/299     8.86G   0.04663    0.1214   0.02884    0.1969       253       640    0.2513    0.3398    0.2553    0.1181   0.04627    0.1339   0.02808
    56/299     8.86G    0.0472    0.1213   0.02843    0.1969       232       640    0.2157    0.5567    0.3423    0.1744   0.03906    0.1279    0.0257
    57/299     8.86G   0.04571    0.1214   0.02823    0.1954       252       640    0.1472    0.5347    0.3148    0.1543   0.04312    0.1526   0.02658
    58/299     8.86G   0.04642    0.1195   0.02802     0.194       280       640    0.2014     0.542    0.3447    0.1797   0.03862      0.13   0.02487
    59/299     8.86G   0.04637    0.1189   0.02751    0.1928       228       640    0.2114    0.5362    0.3476    0.1755   0.03843    0.1348   0.02436
    60/299     8.86G   0.04669    0.1167   0.02761     0.191       271       640    0.2625     0.491    0.3649    0.1874   0.03852    0.1251   0.02374
    61/299     8.86G   0.04549    0.1204   0.02722    0.1932       281       640    0.1895    0.5625    0.3662    0.1822    0.0385    0.1314    0.0242
    62/299     8.86G   0.04614    0.1197    0.0263    0.1922       261       640    0.2078    0.5519    0.3821    0.1995   0.03817     0.137   0.02528
    63/299     8.86G   0.04516    0.1189   0.02633    0.1904       243       640    0.2163    0.5968    0.4003    0.2053   0.03832    0.1306   0.02311
    64/299     8.86G   0.04549    0.1176   0.02608    0.1891       215       640    0.2236    0.6261    0.4059    0.2078   0.03737    0.1344   0.02293
    65/299     8.86G   0.04511    0.1179   0.02607    0.1891       259       640    0.2582    0.5554    0.3972     0.211   0.03742    0.1246   0.02334
    66/299     8.86G    0.0451    0.1166   0.02552    0.1872       301       640    0.1805    0.6154    0.4011    0.2034   0.03944     0.133   0.02263
    67/299     8.86G   0.04352    0.1169   0.02514    0.1856       274       640    0.2087    0.5636    0.3653    0.1813   0.04126     0.134   0.02361
    68/299     8.86G   0.04452    0.1189   0.02461    0.1881       215       640    0.2458    0.5811      0.43    0.2355   0.03618    0.1222    0.0214
    69/299     8.86G   0.04347    0.1181   0.02457    0.1862       221       640    0.2308    0.6005    0.4277    0.2301   0.03637    0.1272   0.02142
    70/299     8.86G   0.04339     0.116   0.02422    0.1836       236       640    0.3097    0.6094    0.4448    0.2449   0.03582    0.1217   0.02113
    71/299     8.86G   0.04331    0.1157   0.02406    0.1831       269       640    0.2429    0.6065     0.446    0.2405   0.03744    0.1268   0.02031
    72/299     8.86G   0.04379    0.1191   0.02404     0.187       223       640    0.2303    0.6213    0.4501    0.2493   0.03515    0.1233   0.01997
    73/299     8.86G   0.04374     0.114   0.02408    0.1819       249       640    0.2461    0.6672    0.4715    0.2536    0.0361    0.1245   0.02034
    74/299     8.86G    0.0426    0.1136   0.02339    0.1796       251       640    0.2384    0.6523    0.4581    0.2493   0.03585    0.1234   0.01975
    75/299     8.86G   0.04324     0.113   0.02297    0.1792       288       640    0.2591    0.6388    0.4585     0.248   0.03588    0.1252   0.02104
    76/299     8.86G   0.04293    0.1143   0.02328    0.1805       227       640    0.2655    0.6215    0.4712    0.2609   0.03563    0.1176   0.01997
    77/299     8.86G    0.0434    0.1171   0.02289    0.1834       267       640    0.2152    0.6652    0.4581    0.2237   0.03957    0.1328   0.02017
    78/299     8.86G   0.04327    0.1132   0.02211    0.1786       304       640    0.2908    0.6788    0.5079      0.27   0.03629    0.1224   0.01862
    79/299     8.86G   0.04258    0.1134   0.02237    0.1783       232       640     0.273     0.649    0.4936    0.2634   0.03846    0.1253    0.0188
    80/299     8.86G   0.04231    0.1143    0.0219    0.1786       208       640    0.2768    0.7077    0.5138    0.2817   0.03487    0.1218   0.01848
    81/299     8.86G   0.04236    0.1141   0.02196    0.1785       301       640    0.3105    0.6802    0.5166    0.2911   0.03401    0.1171   0.01841
    82/299     8.86G   0.04218    0.1128   0.02147    0.1764       285       640     0.308     0.655     0.508    0.2789   0.03546    0.1164    0.0183
    83/299     8.86G   0.04194    0.1127   0.02158    0.1762       258       640    0.2451    0.6866    0.5055    0.2728   0.03607    0.1218   0.01822
    84/299     8.86G   0.04243    0.1106    0.0213    0.1743       239       640    0.3117     0.656    0.5116    0.2851   0.03425     0.117   0.01805
    85/299     8.86G    0.0414    0.1116   0.02125    0.1743       259       640    0.2551    0.7363      0.53     0.288   0.03484    0.1258   0.01745
    86/299     8.86G   0.04157    0.1123   0.02088    0.1748       303       640    0.2932     0.705    0.5431    0.3156   0.03343    0.1154   0.01702
    87/299     8.86G   0.04188    0.1089    0.0207    0.1715       242       640    0.3071    0.7012    0.5258    0.2851   0.03479    0.1175   0.01812
    88/299     8.86G   0.04134    0.1115   0.02092    0.1738       218       640    0.2744    0.6787     0.503    0.2784   0.03504    0.1214   0.01881
    89/299     8.86G   0.04037    0.1136   0.02053    0.1745       233       640    0.2982    0.6681    0.5313    0.3031   0.03446    0.1179    0.0174
    90/299     8.86G   0.04157    0.1114   0.02073    0.1737       248       640    0.2836    0.6963    0.5577    0.3126   0.03383    0.1185   0.01675
    91/299     8.86G   0.04141    0.1108   0.02035    0.1726       269       640    0.2908    0.7353    0.5431    0.3048   0.03529    0.1172   0.01651
    92/299     8.86G   0.04045    0.1107   0.02009    0.1713       253       640    0.3115    0.7226    0.5569    0.3155   0.03362    0.1158   0.01685
    93/299     8.86G   0.04042     0.111   0.01975    0.1712       289       640    0.3175     0.711    0.5601    0.3217   0.03336    0.1156   0.01642
    94/299     8.86G   0.04025    0.1151   0.01977    0.1751       295       640    0.3173    0.7194    0.5731    0.3238   0.03361    0.1158   0.01596
    95/299     8.86G   0.04066    0.1071   0.01983    0.1676       248       640    0.3136    0.6932    0.5806    0.3362   0.03281    0.1146   0.01604
    96/299     8.86G   0.04062    0.1102   0.01985    0.1707       226       640    0.3087    0.7302     0.574    0.3228   0.03332    0.1155   0.01633
    97/299     8.86G   0.04003    0.1111   0.01921    0.1704       238       640    0.3774    0.6998    0.5772    0.3362   0.03305    0.1143   0.01638
    98/299     8.86G   0.04001    0.1062    0.0193    0.1655       188       640    0.3617    0.7009    0.5836    0.3221   0.03569    0.1151   0.01584
    99/299     8.86G   0.04034    0.1112   0.01912    0.1707       229       640    0.3404    0.7243    0.5891    0.3551   0.03184    0.1115   0.01499
   100/299     8.86G   0.04045    0.1104   0.01928    0.1702       253       640    0.3378    0.7219     0.586    0.3468   0.03274    0.1146   0.01545
   101/299     8.86G    0.0399    0.1088   0.01853    0.1672       249       640    0.3455      0.69    0.5931    0.3485   0.03242    0.1123   0.01504
   102/299     8.86G   0.03999    0.1082   0.01874    0.1669       214       640    0.2967    0.7524    0.6058    0.3572    0.0319    0.1173   0.01493
   103/299     8.86G   0.03996     0.109   0.01872    0.1677       284       640    0.3366    0.7447    0.6115    0.3659   0.03181    0.1121   0.01439
   104/299     8.86G   0.03939    0.1094   0.01866    0.1674       278       640      0.33    0.7405     0.599    0.3576   0.03153    0.1142     0.015
   105/299     8.86G   0.03901    0.1106   0.01839     0.168       237       640    0.3388    0.7569    0.6074    0.3614   0.03154     0.111   0.01442
   106/299     8.86G    0.0384    0.1065   0.01827    0.1632       262       640    0.2947    0.7505    0.5818     0.329   0.03399    0.1166    0.0152
   107/299     8.86G   0.04002     0.106   0.01846    0.1645       277       640    0.3604    0.7315    0.6266    0.3647   0.03225    0.1129   0.01441
   108/299     8.86G   0.03953    0.1065   0.01808    0.1641       220       640    0.3252    0.7693    0.6163    0.3636   0.03266    0.1131   0.01447
   109/299     8.86G   0.03956    0.1063   0.01782    0.1637       287       640    0.3703    0.7555    0.6296    0.3684   0.03218    0.1096   0.01385
   110/299     8.86G   0.03867    0.1103   0.01773    0.1667       204       640    0.3218    0.7968     0.638    0.3691   0.03215    0.1199   0.01452
   111/299     8.86G   0.03903    0.1088   0.01788    0.1657       246       640    0.3777    0.7467    0.6271    0.3753   0.03161    0.1111   0.01418
   112/299     8.86G    0.0393    0.1057   0.01791    0.1629       195       640    0.3784    0.7766    0.6393    0.3849   0.03112    0.1124   0.01402
   113/299     8.86G   0.03882    0.1078   0.01754    0.1641       288       640     0.338     0.765     0.637    0.3825   0.03128    0.1132   0.01361
   114/299     8.86G   0.03966    0.1023   0.01784    0.1598       237       640    0.3729     0.787    0.6594    0.3968   0.03099    0.1089    0.0134
   115/299     8.86G   0.03929    0.1046   0.01772    0.1616       207       640    0.3935    0.7704    0.6567     0.393   0.03146    0.1095   0.01316
   116/299     8.86G   0.03879    0.1037   0.01735    0.1599       202       640    0.3791    0.7754     0.657    0.3961   0.03099     0.109   0.01329
   117/299     8.86G   0.03854    0.1045   0.01715    0.1602       256       640    0.3641    0.7644    0.6616    0.3866   0.03163    0.1123   0.01323
   118/299     8.86G   0.03886    0.1055   0.01729    0.1617       163       640    0.4004    0.7725    0.6604    0.3967   0.03077     0.108   0.01333
   119/299     8.86G   0.03787    0.1035   0.01752    0.1589       278       640    0.4107    0.7812    0.6527    0.3936   0.03088     0.107   0.01291
   120/299     8.86G   0.03889    0.1057   0.01665    0.1613       219       640    0.3545    0.7859    0.6651    0.4014    0.0311    0.1116   0.01319
   121/299     8.86G   0.03768    0.1055   0.01725    0.1604       253       640    0.3366    0.7973    0.6651    0.4013   0.03154    0.1126   0.01316
   122/299     8.86G   0.03838     0.104   0.01643    0.1588       215       640    0.3638    0.8326    0.6811     0.414   0.03049     0.111   0.01262
   123/299     8.86G   0.03828    0.1038   0.01681    0.1589       242       640     0.353    0.8192    0.6841    0.4116   0.03093     0.112   0.01249
   124/299     8.86G   0.03766     0.108   0.01638    0.1621       245       640    0.3789    0.8101    0.6976    0.4214    0.0304     0.107   0.01239
   125/299     8.86G   0.03822    0.1044   0.01675    0.1593       211       640    0.3712    0.8023    0.6879    0.4118   0.03097    0.1082   0.01209
   126/299     8.86G   0.03754    0.1018   0.01642    0.1557       259       640    0.4075    0.7732    0.6896    0.4299      0.03    0.1046   0.01189
   127/299     8.86G   0.03825    0.1064    0.0171    0.1617       234       640    0.3457    0.8367    0.6976    0.4232   0.02998    0.1092   0.01204
   128/299     8.86G    0.0381    0.1038   0.01623    0.1581       200       640    0.4073    0.7959    0.6837    0.4254   0.03023    0.1055   0.01198
   129/299     8.86G   0.03758     0.105   0.01659    0.1592       248       640    0.4194    0.7895    0.6961    0.4259   0.03064    0.1065   0.01197
   130/299     8.86G   0.03789    0.1032   0.01602    0.1571       297       640    0.4002    0.8374    0.7063    0.4365   0.02987    0.1071   0.01229
   131/299     8.86G   0.03767    0.1013   0.01607    0.1551       257       640    0.3969    0.7725    0.6977     0.429   0.03038    0.1059    0.0114
   132/299     8.86G    0.0374    0.1044   0.01578    0.1576       217       640    0.3869    0.8421    0.7047    0.4373   0.02938    0.1072   0.01135
   133/299     8.86G   0.03719    0.1055   0.01537    0.1581       224       640    0.3962    0.8069       0.7    0.4352   0.02989     0.108   0.01136
   134/299     8.86G   0.03727    0.1046   0.01542    0.1573       194       640    0.3701    0.8399    0.7083    0.4391   0.03011    0.1088   0.01145
   135/299     8.86G   0.03703    0.1036   0.01567    0.1562       251       640    0.4046    0.7967    0.7162    0.4428   0.02988    0.1054    0.0111
   136/299     8.86G   0.03713    0.1032   0.01545    0.1558       231       640    0.3541    0.8163    0.7058    0.4331   0.02991    0.1103   0.01122
   137/299     8.86G   0.03767    0.1039   0.01534    0.1569       214       640    0.4173    0.8307     0.727    0.4357   0.03075    0.1061   0.01155
   138/299     8.86G   0.03738    0.1033    0.0154    0.1561       256       640    0.3632    0.8701    0.7378    0.4493    0.0301    0.1113   0.01103
   139/299     8.86G   0.03697     0.103   0.01504     0.155       249       640    0.3822    0.8401    0.7213    0.4504   0.02938    0.1059   0.01068
   140/299     8.86G   0.03671    0.1044   0.01513    0.1563       299       640    0.3985    0.8342    0.7382    0.4603   0.02909    0.1076   0.01088
   141/299     8.86G   0.03653    0.1029   0.01504    0.1545       231       640    0.4287    0.8166    0.7371    0.4652    0.0288    0.1018   0.01065
   142/299     8.86G   0.03751    0.1024   0.01545    0.1554       222       640    0.3768    0.8702    0.7365    0.4537   0.02958    0.1085   0.01096
   143/299     8.86G   0.03698   0.09952   0.01525    0.1517       287       640    0.4033    0.8515    0.7461    0.4656   0.02934    0.1059   0.01047
   144/299     8.86G   0.03686    0.1018   0.01483    0.1535       218       640    0.4135    0.8394    0.7468    0.4691   0.02887    0.1035   0.01053
   145/299     8.86G   0.03612    0.1008   0.01529    0.1522       251       640     0.379    0.8585    0.7348    0.4543   0.02946    0.1073   0.01017
   146/299     8.86G   0.03661   0.09947   0.01519    0.1513       225       640    0.4287    0.8494    0.7391    0.4598   0.02906    0.1029   0.01011
   147/299     8.86G    0.0369    0.1038   0.01494    0.1556       249       640    0.4196    0.8569    0.7431     0.459   0.02949    0.1037   0.01067
   148/299     8.86G   0.03714    0.1002   0.01462    0.1519       268       640    0.3973    0.8484    0.7619    0.4781   0.02883    0.1053  0.009941
   149/299     8.86G   0.03589    0.1008   0.01446    0.1511       243       640    0.4083    0.8661    0.7584    0.4776   0.02865    0.1052   0.01021
   150/299     8.86G   0.03646    0.1011   0.01427    0.1519       224       640    0.4224    0.8649    0.7498    0.4765   0.02895    0.1048    0.0101
   151/299     8.86G   0.03699     0.102   0.01412    0.1531       245       640    0.4032    0.8547    0.7513    0.4763   0.02856    0.1017   0.00999
   152/299     8.86G   0.03637    0.1015   0.01436    0.1523       289       640    0.4192    0.8741     0.768    0.4813   0.02857    0.1021  0.009767
   153/299     8.86G   0.03616    0.1021   0.01407    0.1524       242       640    0.4072    0.8838    0.7713    0.4769   0.02929    0.1042   0.00935
   154/299     8.86G    0.0361   0.09817   0.01376     0.148       244       640    0.4186    0.8635    0.7675    0.4883   0.02827    0.1017  0.009637
   155/299     8.86G   0.03597    0.1003   0.01429    0.1506       274       640    0.4208    0.8783    0.7772    0.4955   0.02813    0.1025  0.009091
   156/299     8.86G   0.03646   0.09985   0.01434    0.1507       267       640    0.4179      0.87    0.7768    0.4888   0.02834    0.1025  0.009336
   157/299     8.86G   0.03626    0.1001   0.01429    0.1507       326       640    0.4362    0.8477    0.7609    0.4847   0.02839    0.1022  0.009363
   158/299     8.86G   0.03617    0.1003   0.01381    0.1503       233       640    0.4306    0.8397    0.7596     0.481   0.02833     0.102  0.009311
   159/299     8.86G   0.03654   0.09973   0.01355    0.1498       210       640    0.4215    0.8796    0.7807     0.495   0.02788    0.1015  0.009192
   160/299     8.86G   0.03617    0.1003   0.01408    0.1505       296       640    0.4293    0.8868    0.7908    0.5002   0.02785    0.1018  0.009041
   161/299     8.86G   0.03552   0.09838   0.01363    0.1475       221       640    0.4324    0.8898    0.7882    0.5019   0.02809    0.1016  0.008837
   162/299     8.86G   0.03578   0.09823   0.01371    0.1477       235       640    0.4296    0.8681    0.7814    0.4981    0.0285    0.1016  0.008762
   163/299     8.86G   0.03608    0.1013   0.01417    0.1515       308       640    0.4795    0.8825    0.7974    0.5136   0.02774    0.0998  0.008596
   164/299     8.86G   0.03581   0.09828   0.01376    0.1479       196       640    0.4359    0.8838    0.7921    0.5004   0.02826    0.1012  0.008654
   165/299     8.86G   0.03549    0.0987   0.01352    0.1477       259       640    0.4275     0.886    0.7902    0.5053   0.02801    0.1013   0.00856
   166/299     8.86G   0.03612    0.1012   0.01304    0.1503       207       640    0.4138    0.9017    0.7932     0.507   0.02799    0.1037  0.008562
   167/299     8.86G    0.0354   0.09893   0.01335    0.1477       218       640    0.4602      0.88    0.7932    0.5138   0.02753    0.1017    0.0085
   168/299     8.86G   0.03502    0.1007   0.01301    0.1488       184       640    0.4514    0.8873    0.7932    0.5116   0.02772    0.1015  0.008325
   169/299     8.86G   0.03532    0.1006   0.01337    0.1493       279       640    0.4503     0.874     0.798    0.5109    0.0279    0.1001    0.0083
   170/299     8.86G   0.03604   0.09838   0.01345    0.1479       293       640    0.4575    0.9007    0.8107    0.5197   0.02767     0.102  0.008035
   171/299     8.86G   0.03525   0.09732   0.01269    0.1453       214       640    0.4644    0.8913    0.8026    0.5207   0.02734    0.1006  0.007905
   172/299     8.86G   0.03574   0.09878   0.01293    0.1475       283       640    0.4408    0.9027    0.7985    0.5098   0.02793    0.1006  0.008164
   173/299     8.86G   0.03515    0.0983   0.01276    0.1462       221       640    0.4737    0.8866    0.8128    0.5256   0.02706   0.09722  0.007863
   174/299     8.86G   0.03504     0.101    0.0128    0.1489       265       640    0.4454     0.893    0.8051      0.52   0.02727   0.09864  0.007832
   175/299     8.86G   0.03568   0.09589   0.01281    0.1444       219       640    0.4722    0.8747    0.7966    0.5155   0.02755   0.09922  0.007997
   176/299     8.86G   0.03531     0.097   0.01285    0.1452       264       640    0.4723     0.875    0.8038    0.5199    0.0274   0.09893   0.00809
   177/299     8.86G   0.03519   0.09695   0.01268    0.1448       237       640    0.4445    0.8917    0.8038    0.5196   0.02742   0.09926  0.007615
   178/299     8.86G   0.03608   0.09843   0.01243    0.1469       220       640    0.4803    0.9059    0.8127    0.5277   0.02698    0.0992  0.007904
   179/299     8.86G   0.03458   0.09629   0.01294    0.1438       211       640    0.4613    0.8985    0.8193     0.532   0.02716   0.09949   0.00766
   180/299     8.86G   0.03435   0.09655   0.01245    0.1434       217       640    0.4371    0.9082    0.8179    0.5292    0.0271   0.09833  0.007767
   181/299     8.86G    0.0346   0.09887   0.01231    0.1458       249       640    0.4834    0.8965    0.8163     0.532   0.02692   0.09822  0.007471
   182/299     8.86G    0.0347   0.09823   0.01269    0.1456       252       640     0.459    0.8825    0.8147    0.5285   0.02764   0.09909  0.007394
   183/299     8.86G   0.03478   0.09862   0.01255     0.146       241       640    0.4358    0.9183    0.8232    0.5268   0.02761   0.09982   0.00732
   184/299     8.86G   0.03477   0.09594    0.0125    0.1432       257       640    0.4627    0.9063     0.821    0.5335   0.02687   0.09846  0.007302
   185/299     8.86G   0.03493   0.09787   0.01224     0.145       271       640    0.4695    0.9046    0.8238    0.5378   0.02701    0.1009  0.007064
   186/299     8.86G   0.03531     0.095   0.01259    0.1429       260       640    0.4358    0.9167    0.8324     0.538   0.02692    0.1028  0.007166
   187/299     8.86G   0.03405    0.0983   0.01211    0.1445       216       640    0.4539    0.9057    0.8238    0.5409    0.0269    0.1003  0.007036
   188/299     8.86G   0.03453   0.09757   0.01176    0.1439       205       640    0.4618    0.9163    0.8274     0.542   0.02683   0.09957  0.006899
   189/299     8.86G   0.03474   0.09581   0.01236    0.1429       257       640    0.4463    0.9212    0.8334    0.5438    0.0269       0.1  0.006894
   190/299     8.86G   0.03368   0.09393   0.01199    0.1396       316       640    0.4645    0.9075    0.8322    0.5448   0.02645   0.09785  0.007057
   191/299     8.86G   0.03418   0.09715   0.01189    0.1432       247       640    0.4746    0.8885    0.8286    0.5424   0.02666   0.09794  0.007441
   192/299     8.86G    0.0343    0.0964   0.01224    0.1429       223       640    0.4539    0.9198    0.8351     0.543   0.02676   0.09918  0.006878
   193/299     8.86G     0.034    0.0972   0.01197    0.1432       262       640    0.4717    0.9151    0.8291    0.5439   0.02641   0.09806  0.006738
   194/299     8.86G    0.0342    0.0955   0.01186    0.1416       270       640    0.4447    0.9189    0.8354    0.5454   0.02663   0.09934  0.006737
   195/299     8.86G   0.03432   0.09363   0.01175    0.1397       191       640    0.4604    0.9042    0.8353    0.5476   0.02644   0.09802   0.00662
   196/299     8.86G   0.03383    0.0955   0.01144    0.1408       260       640    0.4751     0.914    0.8425    0.5528   0.02644   0.09663  0.006328
   197/299     8.86G   0.03375   0.09647   0.01132    0.1415       247       640    0.4912    0.9104    0.8353    0.5522   0.02652   0.09585  0.006428
   198/299     8.86G   0.03411   0.09602   0.01168    0.1418       239       640    0.4817     0.911    0.8458    0.5535   0.02617   0.09706  0.006722
   199/299     8.86G   0.03443    0.0965   0.01148    0.1424       259       640     0.497    0.9087    0.8386    0.5558   0.02606   0.09632  0.006413
   200/299     8.86G   0.03348   0.09477   0.01135    0.1396       269       640    0.4951    0.9116    0.8358     0.555   0.02625   0.09613  0.006385
   201/299     8.86G   0.03334   0.09421   0.01112    0.1387       221       640    0.5229    0.8969    0.8418    0.5538    0.0263    0.0948  0.006294
   202/299     8.86G   0.03409   0.09786   0.01102     0.143       312       640    0.4604    0.9158    0.8404    0.5496   0.02654   0.09761  0.006373
   203/299     8.86G   0.03333   0.09463   0.01164    0.1396       279       640    0.4808    0.9173    0.8547    0.5626   0.02624   0.09669  0.006134
   204/299     8.86G   0.03397   0.09449   0.01104    0.1395       258       640    0.5134    0.9077    0.8552    0.5639   0.02601   0.09478   0.00614
   205/299     8.86G   0.03431   0.09629   0.01117    0.1418       264       640    0.4856    0.9172    0.8514    0.5603   0.02629   0.09577  0.006048
   206/299     8.86G   0.03392   0.09337   0.01116    0.1385       299       640    0.4659    0.9277    0.8415    0.5581   0.02611   0.09512  0.005904
   207/299     8.86G   0.03339   0.09591   0.01119    0.1405       243       640    0.4938    0.8997    0.8425    0.5637   0.02586   0.09443  0.005835
   208/299     8.86G   0.03343   0.09417   0.01149    0.1391       227       640    0.4751    0.9199    0.8416     0.558   0.02623   0.09589  0.005848
   209/299     8.86G   0.03333   0.09459   0.01106     0.139       218       640    0.4819    0.9247    0.8469    0.5629   0.02608   0.09607   0.00579
   210/299     8.86G    0.0335   0.09486   0.01111    0.1395       253       640    0.5021    0.9185    0.8509    0.5672   0.02576   0.09513  0.005755
   211/299     8.86G   0.03356   0.09426   0.01075    0.1386       210       640    0.4932    0.9165    0.8514    0.5675   0.02597   0.09503  0.005696
   212/299     8.86G   0.03341   0.09322   0.01134     0.138       226       640    0.5075    0.9256    0.8566    0.5719   0.02579   0.09477   0.00575
   213/299     8.86G   0.03344   0.09276   0.01107    0.1373       219       640    0.4971    0.9236    0.8539     0.569    0.0258     0.096  0.005792
   214/299     8.86G   0.03362   0.09451   0.01125    0.1394       210       640    0.4694    0.9333    0.8518    0.5616   0.02639   0.09684  0.005919
   215/299     8.86G    0.0332   0.09409   0.01088    0.1382       291       640    0.5024    0.9198    0.8591    0.5711   0.02577   0.09412  0.005495
   216/299     8.86G    0.0332    0.0941   0.01068     0.138       268       640    0.5029    0.9206    0.8564     0.572   0.02564   0.09534  0.005486
   217/299     8.86G   0.03242    0.0928   0.01046    0.1357       199       640    0.5121    0.9288    0.8607    0.5727   0.02559   0.09544  0.005656
   218/299     8.86G   0.03313    0.0953   0.01063    0.1391       204       640    0.4761    0.9337    0.8562    0.5714    0.0258   0.09611  0.005548
   219/299     8.86G   0.03337   0.09508   0.01085    0.1393       213       640    0.4894    0.9354    0.8625    0.5791   0.02545   0.09472  0.005433
   220/299     8.86G   0.03267   0.09176   0.01101    0.1354       267       640    0.5026    0.9315    0.8561    0.5701   0.02571   0.09331  0.005485
   221/299     8.86G   0.03337   0.09452   0.01044    0.1383       273       640    0.5019    0.9387    0.8585     0.573   0.02575   0.09358   0.00538
   222/299     8.86G    0.0331   0.09388   0.01026    0.1372       163       640     0.473    0.9393    0.8482    0.5684   0.02585   0.09447  0.005441
   223/299     8.86G   0.03309   0.09249   0.01054    0.1361       239       640    0.4902    0.9195    0.8597    0.5779   0.02549   0.09412  0.005343
   224/299     8.86G   0.03323   0.09133   0.01039    0.1349       246       640    0.5089    0.9272    0.8628    0.5795   0.02537   0.09296  0.005301
   225/299     8.86G   0.03364   0.09055   0.01059    0.1348       309       640    0.4964    0.9322    0.8619    0.5786   0.02554   0.09506  0.005192
   226/299     8.86G   0.03322   0.09319    0.0107    0.1371       257       640    0.5026    0.9298      0.86    0.5785   0.02548   0.09568  0.005294
   227/299     8.86G   0.03283   0.09487    0.0104    0.1381       251       640    0.4985    0.9312    0.8581     0.579   0.02548   0.09473  0.005292
   228/299     8.86G   0.03303   0.09276   0.01049    0.1363       208       640    0.5078    0.9151    0.8558     0.583    0.0252     0.092   0.00507
   229/299     8.86G   0.03324   0.09218   0.01063    0.1361       250       640    0.5101    0.9316    0.8646    0.5835   0.02531   0.09273  0.005076
   230/299     8.86G   0.03291   0.09267   0.01033    0.1359       250       640    0.4797    0.9255    0.8613    0.5783    0.0255   0.09605  0.005055
   231/299     8.86G   0.03275   0.09206   0.01028    0.1351       221       640    0.5095    0.9322    0.8669    0.5859   0.02525   0.09403  0.004965
   232/299     8.86G   0.03324   0.09099   0.01027    0.1345       224       640    0.5221    0.9324    0.8727    0.5902   0.02511   0.09232   0.00492
   233/299     8.86G   0.03289   0.09109   0.01039    0.1344       244       640    0.5016    0.9358    0.8685    0.5831   0.02542   0.09324  0.004926
   234/299     8.86G   0.03266   0.09066   0.01034    0.1337       250       640    0.5013    0.9269    0.8684    0.5842   0.02521   0.09231  0.004941
   235/299     8.86G   0.03241   0.09179    0.0101    0.1343       212       640     0.516    0.9293    0.8708    0.5916   0.02488   0.09252  0.004945
   236/299     8.86G    0.0321   0.09255  0.009869    0.1345       274       640    0.5182    0.9325      0.87    0.5898   0.02496   0.09221  0.004832
   237/299     8.86G   0.03279   0.09154  0.009965    0.1343       251       640     0.506    0.9402    0.8663    0.5858   0.02519   0.09299  0.004765
   238/299     8.86G    0.0329   0.09122  0.009856     0.134       233       640    0.4905    0.9459    0.8685    0.5888   0.02506   0.09295  0.004769
   239/299     8.86G   0.03256   0.09097   0.01047     0.134       207       640    0.5301      0.93     0.876    0.5913   0.02502   0.09211  0.004949
   240/299     8.86G   0.03277   0.09014   0.01032    0.1332       197       640    0.5161    0.9368    0.8692    0.5895   0.02484   0.09238  0.004727
   241/299     8.86G   0.03262   0.09027   0.01021    0.1331       226       640    0.4918    0.9413    0.8762     0.591   0.02505   0.09312  0.004671
   242/299     8.86G   0.03268   0.09299   0.01003    0.1357       282       640    0.4999    0.9438    0.8795     0.597   0.02498   0.09379   0.00462
   243/299     8.86G   0.03229   0.09012  0.009891    0.1323       214       640     0.496    0.9446    0.8773    0.5995   0.02475   0.09415  0.004616
   244/299     8.86G   0.03235   0.09129   0.01004    0.1337       245       640    0.5154    0.9442    0.8769    0.5997   0.02474    0.0921  0.004635
   245/299     8.86G   0.03232   0.09012   0.00973    0.1322       233       640    0.4866     0.936    0.8691    0.5923   0.02493   0.09388  0.004637
   246/299     8.86G   0.03253   0.09003   0.01024    0.1328       242       640    0.4875    0.9417    0.8695    0.5905   0.02502   0.09399  0.004641
   247/299     8.86G   0.03253   0.08965  0.009884    0.1321       217       640    0.5051    0.9454     0.867    0.5917   0.02509   0.09294  0.004615
   248/299     8.86G   0.03203   0.09157  0.009683    0.1333       243       640    0.5095    0.9427     0.875    0.5954   0.02494    0.0924   0.00457
   249/299     8.86G   0.03243   0.09128  0.009842    0.1336       249       640    0.5156    0.9401    0.8763    0.5939   0.02496   0.09133  0.004536
   250/299     8.86G   0.03214   0.08876   0.01007     0.131       201       640    0.5105    0.9417    0.8768    0.5926   0.02502   0.09154  0.004495
   251/299     8.86G   0.03156   0.09028  0.009757    0.1316       228       640    0.5056    0.9459    0.8826    0.5997   0.02482   0.09197   0.00443
   252/299     8.86G   0.03199   0.09028  0.009711     0.132       219       640    0.5138    0.9444    0.8825    0.6013   0.02474   0.09143   0.00436
   253/299     8.86G   0.03195   0.09036  0.009497    0.1318       309       640    0.5213    0.9434    0.8827    0.6037   0.02477   0.09148   0.00435
   254/299     8.86G   0.03185   0.09163  0.009585    0.1331       262       640    0.5216    0.9455     0.879    0.6017   0.02472   0.09131  0.004374
   255/299     8.86G   0.03241   0.09057  0.009626    0.1326       236       640    0.5329     0.945    0.8833    0.6031    0.0247   0.09087  0.004339
   256/299     8.86G   0.03199    0.0885  0.009055    0.1295       253       640    0.5172    0.9435    0.8845    0.6032   0.02461   0.09143  0.004323
   257/299     8.86G   0.03214   0.08756  0.009987    0.1297       198       640    0.5204    0.9479    0.8827    0.6069   0.02448   0.09142  0.004333
   258/299     8.86G   0.03153    0.0873  0.009676    0.1285       173       640    0.5185     0.947    0.8844    0.6037   0.02457   0.09102   0.00434
   259/299     8.86G   0.03142   0.09067  0.009261    0.1314       245       640    0.5151     0.946    0.8832     0.603   0.02463   0.09079   0.00429
   260/299     8.86G   0.03181   0.08884  0.009541    0.1302       269       640    0.5177    0.9491    0.8853    0.6013   0.02472   0.09152  0.004279
   261/299     8.86G   0.03204   0.09055  0.009432     0.132       277       640    0.5212    0.9445    0.8825    0.6047    0.0247   0.09075  0.004273
   262/299     8.86G   0.03192   0.08974  0.009759    0.1314       287       640    0.5114    0.9466    0.8838    0.6039   0.02456   0.09056  0.004237
   263/299     8.86G   0.03161   0.09014  0.009325    0.1311       206       640    0.5193    0.9468    0.8791    0.6006   0.02462   0.09068  0.004179
   264/299     8.86G   0.03192   0.09128  0.009242    0.1324       197       640    0.5075    0.9484    0.8845     0.602   0.02482   0.09251  0.004202
   265/299     8.86G   0.03151   0.09232  0.009207     0.133       225       640    0.5355    0.9442    0.8892    0.6066   0.02455   0.09054  0.004132
   266/299     8.86G   0.03187   0.09158  0.009352    0.1328       252       640    0.5277    0.9438    0.8821    0.6018   0.02451   0.09024  0.004208
   267/299     8.86G   0.03169   0.09072  0.009177    0.1316       252       640    0.5109    0.9416    0.8807    0.5982   0.02472    0.0908  0.004249
   268/299     8.86G   0.03166   0.08868  0.009379    0.1297       236       640    0.5161    0.9423    0.8793    0.5996    0.0247   0.09098  0.004196
   269/299     8.86G   0.03173   0.08846  0.009537    0.1297       243       640    0.5211    0.9485    0.8845     0.602   0.02464   0.09085  0.004171
   270/299     8.86G   0.03266   0.08792   0.00966    0.1302       268       640    0.5247    0.9483    0.8885    0.6087   0.02439   0.09084  0.004121
   271/299     8.86G   0.03198   0.09029  0.009439    0.1317       278       640    0.5205     0.946    0.8894    0.6074   0.02439   0.09098  0.004119
   272/299     8.86G   0.03144   0.09125  0.009342     0.132       257       640    0.5246    0.9477    0.8886    0.6061   0.02445   0.09104  0.004058
   273/299     8.86G   0.03109   0.08905  0.009196    0.1293       253       640    0.5425    0.9377    0.8868    0.6102   0.02426   0.08934  0.004109
   274/299     8.86G   0.03107   0.08858  0.009041    0.1287       270       640    0.5442    0.9429    0.8871    0.6092   0.02423   0.08921  0.004096
   275/299     8.86G   0.03133   0.08684  0.009426    0.1276       288       640    0.5348    0.9449    0.8834    0.6062   0.02439   0.08996  0.004127
   276/299     8.86G   0.03195   0.08884   0.00906    0.1298       267       640    0.5422    0.9443    0.8839    0.6097   0.02431   0.08834  0.004024
   277/299     8.86G   0.03224   0.08938  0.009481    0.1311       288       640    0.5336     0.947    0.8881    0.6101   0.02418   0.08897  0.004014
   278/299     8.86G   0.03157    0.0903  0.009121     0.131       218       640    0.5257    0.9468     0.885    0.6058   0.02427   0.08971  0.004021
   279/299     8.86G   0.03144   0.09137  0.009069    0.1319       242       640    0.5155    0.9432    0.8888    0.6059   0.02442   0.09092  0.003952
   280/299     8.86G   0.03177   0.08963  0.009225    0.1306       226       640    0.5132    0.9526    0.8838    0.6056   0.02429   0.09059   0.00406
   281/299     8.86G   0.03182   0.09079  0.009266    0.1319       221       640     0.522     0.947    0.8877    0.6077   0.02436   0.08977  0.003963
   282/299     8.86G   0.03152   0.08961  0.009229    0.1304       292       640    0.5288    0.9482      0.89    0.6071   0.02436   0.09036  0.003913
   283/299     8.86G   0.03207   0.08836  0.009429    0.1299       276       640    0.5233    0.9489     0.887    0.6093   0.02435   0.09017   0.00392
   284/299     8.86G   0.03124   0.09278  0.008943     0.133       260       640    0.5231    0.9483    0.8876    0.6094   0.02431   0.09059  0.003892
   285/299     8.86G   0.03118   0.08806  0.008738     0.128       261       640    0.5292    0.9428    0.8876    0.6093   0.02434   0.09004  0.003864
   286/299     8.86G   0.03148   0.08997  0.009054    0.1305       251       640    0.5379     0.949    0.8888      0.61   0.02423   0.08956  0.003913
   287/299     8.86G   0.03097   0.08755  0.008896    0.1274       270       640    0.5375    0.9422    0.8891    0.6108   0.02418   0.08916  0.003895
   288/299     8.86G   0.03183   0.08896  0.009014    0.1298       232       640      0.54    0.9432    0.8919    0.6105   0.02415     0.089   0.00386
   289/299     8.86G   0.03119   0.08987  0.008817    0.1299       292       640    0.5341    0.9429    0.8906    0.6132   0.02408   0.08924  0.003824
   290/299     8.86G   0.03111   0.08913  0.008679    0.1289       237       640    0.5262    0.9524    0.8904    0.6133   0.02406   0.08921  0.003825
   291/299     8.86G   0.03104   0.08816  0.008863    0.1281       253       640    0.5185    0.9465    0.8916    0.6146   0.02411   0.09001  0.003816
   292/299     8.86G   0.03158   0.08679  0.009082    0.1275       250       640    0.5424    0.9442    0.8938    0.6193   0.02394   0.08835   0.00378
   293/299     8.86G   0.03109   0.08718  0.009087    0.1274       231       640    0.5352     0.945    0.8944    0.6195   0.02394    0.0889   0.00377
   294/299     8.86G   0.03187   0.09025  0.008998    0.1311       356       640    0.5399    0.9488    0.8967    0.6201   0.02388   0.08827  0.003794
   295/299     8.86G   0.03141   0.08774  0.009012    0.1282       213       640    0.5458    0.9471    0.8967    0.6169   0.02396   0.08864  0.003786
   296/299     8.86G   0.03123   0.08835  0.009262    0.1288       266       640    0.5329    0.9546    0.8964    0.6192   0.02392   0.08893  0.003769
   297/299     8.86G   0.03112    0.0877  0.008719    0.1275       199       640    0.5218    0.9567    0.8959     0.615   0.02412   0.09044  0.003788
   298/299     8.86G   0.03085   0.08945   0.00848    0.1288       265       640    0.5377    0.9534    0.8962    0.6144   0.02408   0.08907  0.003772
   299/299     8.86G   0.03122   0.08698  0.008856    0.1271       183       640    0.5412    0.9508    0.8981    0.6184   0.02397   0.08824  0.003758
