      0/29     2.46G    0.1161    0.1574   0.04436    0.3178        62       640         0         0         0         0         0         0         0
      1/29     7.78G    0.1116    0.1469   0.04465    0.3032        46       640         0         0         0         0         0         0         0
      2/29     7.78G    0.1077    0.1444   0.04415    0.2962        49       640         0         0         0         0         0         0         0
      3/29     7.78G    0.1042     0.147   0.04418    0.2955        60       640         0         0         0         0   0.08884    0.1395   0.04227
      4/29        7G     0.105    0.1561   0.04444    0.3056        54       640         0         0         0         0   0.08827    0.1395    0.0422
      5/29        7G    0.1019    0.1596   0.04348     0.305        65       640         0         0         0         0   0.08792      0.14   0.04215
      6/29        7G    0.1016    0.1548   0.04364       0.3        64       640         0         0         0         0   0.08782    0.1402    0.0421
      7/29        7G   0.09893    0.1605   0.04303    0.3025        40       640         0         0         0         0   0.08788    0.1407   0.04204
      8/29        7G   0.09483    0.1639   0.04315    0.3018        45       640         0         0         0         0   0.08806    0.1415   0.04201
      9/29        7G   0.09491    0.1519   0.04284    0.2896        44       640         0         0         0         0   0.08805    0.1425   0.04197
     10/29        7G   0.09522    0.1606   0.04253    0.2984        39       640         0         0         0         0   0.08798    0.1437   0.04193
     11/29        7G   0.09218    0.1601   0.04247    0.2947        40       640         0         0         0         0   0.08808    0.1448    0.0419
     12/29        7G   0.09192    0.1702   0.04219    0.3043        39       640         0         0         0         0   0.08793    0.1472   0.04188
     13/29        7G   0.09128    0.1743   0.04174    0.3073        48       640         0         0         0         0   0.08803    0.1493   0.04186
     14/29        7G   0.09029    0.1561   0.04175    0.2881        42       640         0         0         0         0   0.08791    0.1517   0.04185
     15/29        7G   0.08691    0.1785   0.04195    0.3074        58       640         0         0         0         0   0.08798    0.1537   0.04184
     16/29        7G   0.08887    0.1573   0.04165    0.2878        42       640         0         0         0         0   0.08806    0.1564   0.04185
     17/29        7G   0.08794    0.1773   0.04163    0.3068        48       640         0         0         0         0   0.08826    0.1578   0.04184
     18/29        7G   0.08779    0.1712   0.04164    0.3006        56       640         0         0         0         0   0.08842    0.1596   0.04184
     19/29        7G   0.08624    0.1731   0.04128    0.3006        56       640         0         0         0         0   0.08871    0.1607   0.04184
     20/29        7G   0.08335    0.1798   0.04133    0.3045        40       640         0         0         0         0   0.08892    0.1615   0.04184
     21/29        7G   0.08761    0.1526   0.04128    0.2815        63       640         0         0         0         0   0.08911    0.1637   0.04184
     22/29        7G   0.08193    0.1629   0.04117     0.286        41       640         0         0         0         0    0.0892    0.1653   0.04183
     23/29        7G     0.086    0.1635   0.04097    0.2905        57       640         0         0         0         0   0.08931    0.1662   0.04181
     24/29        7G   0.08203    0.1825   0.04116    0.3057        58       640         0         0         0         0   0.08935    0.1653   0.04178
     25/29        7G    0.0824    0.1891   0.04082    0.3124        71       640         0         0         0         0   0.08944    0.1639   0.04174
     26/29        7G   0.08328    0.1607   0.04103     0.285        47       640         0         0         0         0   0.08966    0.1618   0.04168
     27/29        7G   0.08098    0.1737   0.04097    0.2956        41       640         0         0         0         0   0.08904    0.1613   0.04159
     28/29        7G   0.08452    0.1617   0.04094    0.2871        53       640         0         0         0         0   0.08823    0.1622   0.04147
     29/29        7G   0.08365    0.1616   0.04062    0.2858        48       640         0         0         0         0   0.08786    0.1587   0.04135
